t,o,h,l,c,v
1683244800,0.00000197,0.00000439,0.00000197,0.00000373,46108639000543.00
1683331200,0.00000373,0.00000385,0.00000229,0.00000263,108184587925547.00
1683417600,0.00000263,0.00000310,0.00000241,0.00000279,65077437336487.00
1683504000,0.00000279,0.00000281,0.00000154,0.00000194,140237460567381.00
1683590400,0.00000195,0.00000214,0.00000173,0.00000201,84408522428236.00
1683676800,0.00000201,0.00000213,0.00000169,0.00000193,62376608472013.00
1683763200,0.00000193,0.00000194,0.00000125,0.00000140,102478204068900.00
1683849600,0.00000140,0.00000190,0.00000105,0.00000175,183117190471740.00
1683936000,0.00000175,0.00000208,0.00000154,0.00000187,160845317539432.00
1684022400,0.00000187,0.00000195,0.00000174,0.00000178,68330631582345.00
1684108800,0.00000179,0.00000179,0.00000161,0.00000173,61163976301961.00
1684195200,0.00000173,0.00000182,0.00000164,0.00000167,46420055507337.00
1684281600,0.00000167,0.00000169,0.00000146,0.00000157,58829136028623.00
1684368000,0.00000158,0.00000164,0.00000150,0.00000159,46601403583590.00
1684454400,0.00000158,0.00000159,0.00000147,0.00000153,27186905002751.00
1684540800,0.00000152,0.00000193,0.00000150,0.00000172,61157619295586.00
1684627200,0.00000171,0.00000176,0.00000156,0.00000159,42538861909980.00
1684713600,0.00000159,0.00000160,0.00000151,0.00000152,25843529163128.00
1684800000,0.00000152,0.00000167,0.00000151,0.00000159,28163796626075.00
1684886400,0.00000159,0.00000160,0.00000131,0.00000143,50985625817252.00
1684972800,0.00000143,0.00000147,0.00000134,0.00000143,31717937452590.00
1685059200,0.00000143,0.00000149,0.00000138,0.00000146,25341626102384.00
1685145600,0.00000145,0.00000154,0.00000143,0.00000152,19742767057020.00
1685232000,0.00000152,0.00000154,0.00000141,0.00000149,21189159705596.00
1685318400,0.00000150,0.00000152,0.00000142,0.00000144,17678408403543.00
1685404800,0.00000144,0.00000144,0.00000123,0.00000130,26459115670028.00
1685491200,0.00000130,0.00000132,0.00000119,0.00000126,28911883449285.00
1685577600,0.00000127,0.00000133,0.00000121,0.00000125,24903626865682.00
1685664000,0.00000124,0.00000131,0.00000123,0.00000129,15231747109274.00
1685750400,0.00000129,0.00000135,0.00000126,0.00000130,22022382388125.00
1685836800,0.00000130,0.00000130,0.00000121,0.00000123,15708665098619.00
1685923200,0.00000123,0.00000124,0.00000095,0.00000103,49266844972743.00
1686009600,0.00000103,0.00000126,0.00000096,0.00000120,68124119403275.00
1686096000,0.00000120,0.00000122,0.00000104,0.00000107,37938275142612.00
1686182400,0.00000107,0.00000114,0.00000103,0.00000108,20113573681185.00
1686268800,0.00000109,0.00000120,0.00000105,0.00000114,33823724620921.00
1686355200,0.00000113,0.00000114,0.00000087,0.00000094,65236121417990.00
1686441600,0.00000093,0.00000095,0.00000088,0.00000092,21081083114862.00
1686528000,0.00000091,0.00000095,0.00000084,0.00000091,22319730818691.00
1686614400,0.00000090,0.00000099,0.00000088,0.00000091,35032196880912.00
1686700800,0.00000092,0.00000097,0.00000086,0.00000088,24002267566156.00
1686787200,0.00000089,0.00000093,0.00000082,0.00000089,23847177939242.00
1686873600,0.00000089,0.00000105,0.00000087,0.00000096,45746758588764.00
1686960000,0.00000097,0.00000105,0.00000094,0.00000100,31398516601432.00
1687046400,0.00000100,0.00000101,0.00000092,0.00000094,15935402409817.00
1687132800,0.00000093,0.00000096,0.00000091,0.00000094,18044405269959.00
1687219200,0.00000095,0.00000109,0.00000091,0.00000107,34505621536031.00
1687305600,0.00000107,0.00000147,0.00000103,0.00000138,129109902578205.00
1687392000,0.00000138,0.00000169,0.00000136,0.00000155,170132746013597.00
1687478400,0.00000154,0.00000179,0.00000145,0.00000165,99298315386008.00
1687564800,0.00000165,0.00000176,0.00000149,0.00000155,67478077387910.00
1687651200,0.00000155,0.00000168,0.00000152,0.00000161,49037826649197.00
1687737600,0.00000161,0.00000163,0.00000147,0.00000151,47677009739950.00
1687824000,0.00000150,0.00000167,0.00000149,0.00000161,42503845491206.00
1687910400,0.00000162,0.00000162,0.00000136,0.00000142,37263893532231.00
1687996800,0.00000142,0.00000163,0.00000140,0.00000154,38601936146006.00
1688083200,0.00000154,0.00000171,0.00000145,0.00000162,87407506710529.00
1688169600,0.00000162,0.00000164,0.00000151,0.00000156,22007250207876.00
1688256000,0.00000156,0.00000162,0.00000148,0.00000158,19532222091251.00
1688342400,0.00000158,0.00000190,0.00000156,0.00000184,75874367689918.00
1688428800,0.00000183,0.00000189,0.00000169,0.00000171,40305018777128.00
1688515200,0.00000171,0.00000177,0.00000160,0.00000166,27779597520636.00
1688601600,0.00000165,0.00000179,0.00000153,0.00000154,43615963497808.00
1688688000,0.00000154,0.00000160,0.00000150,0.00000157,26384657903114.00
1688774400,0.00000157,0.00000160,0.00000151,0.00000156,10928219541876.00
1688860800,0.00000156,0.00000159,0.00000152,0.00000154,8991585695705.00
1688947200,0.00000154,0.00000159,0.00000143,0.00000151,28865556902901.00
1689033600,0.00000152,0.00000154,0.00000148,0.00000151,11361524313279.00
1689120000,0.00000151,0.00000157,0.00000148,0.00000150,15820551643799.00
1689206400,0.00000151,0.00000177,0.00000146,0.00000172,43040299765530.00
1689292800,0.00000172,0.00000188,0.00000155,0.00000164,71463759801184.00
1689379200,0.00000165,0.00000171,0.00000161,0.00000165,18911843158392.00
1689465600,0.00000164,0.00000167,0.00000155,0.00000157,11479638493399.00
1689552000,0.00000157,0.00000161,0.00000151,0.00000158,17659687486894.00
1689638400,0.00000158,0.00000160,0.00000148,0.00000152,13468168236684.00
1689724800,0.00000152,0.00000158,0.00000150,0.00000152,11353373100091.00
1689811200,0.00000153,0.00000158,0.00000146,0.00000151,12904697073328.00
1689897600,0.00000151,0.00000155,0.00000148,0.00000153,14074838020514.00
1689984000,0.00000152,0.00000155,0.00000147,0.00000149,6132598817525.00
1690070400,0.00000149,0.00000154,0.00000146,0.00000151,6045493218739.00
1690156800,0.00000151,0.00000151,0.00000128,0.00000135,23911796265486.00
1690243200,0.00000135,0.00000136,0.00000128,0.00000130,13320675142486.00
1690329600,0.00000131,0.00000139,0.00000122,0.00000133,28003306391719.00
1690416000,0.00000134,0.00000145,0.00000131,0.00000135,20572137300908.00
1690502400,0.00000134,0.00000138,0.00000129,0.00000133,11977228484062.00
1690588800,0.00000134,0.00000136,0.00000132,0.00000135,4947727886844.00
1690675200,0.00000134,0.00000135,0.00000124,0.00000130,10789582927121.00
1690761600,0.00000129,0.00000133,0.00000120,0.00000124,12112272124852.00
1690848000,0.00000123,0.00000131,0.00000117,0.00000130,17191725854220.00
1690934400,0.00000131,0.00000132,0.00000120,0.00000122,20273265284892.00
1691020800,0.00000121,0.00000124,0.00000119,0.00000120,7619809310429.00
1691107200,0.00000120,0.00000123,0.00000111,0.00000116,13998729394028.00
1691193600,0.00000116,0.00000118,0.00000112,0.00000115,11593498905424.00
1691280000,0.00000116,0.00000118,0.00000112,0.00000115,10360978933924.00
1691366400,0.00000116,0.00000120,0.00000105,0.00000111,18837235834434.00
1691452800,0.00000111,0.00000123,0.00000110,0.00000117,32586214598799.00
1691539200,0.00000117,0.00000129,0.00000117,0.00000124,39833137260596.00
1691625600,0.00000123,0.00000127,0.00000121,0.00000124,12719644302426.00
1691712000,0.00000124,0.00000127,0.00000121,0.00000125,8323218945828.00
1691798400,0.00000124,0.00000137,0.00000124,0.00000136,23971475098622.00
1691884800,0.00000136,0.00000143,0.00000132,0.00000136,20328397343170.00
1691971200,0.00000136,0.00000147,0.00000132,0.00000140,26932467840289.00
1692057600,0.00000140,0.00000141,0.00000123,0.00000126,23693457058151.00
1692144000,0.00000127,0.00000128,0.00000113,0.00000116,27172318334126.00
1692230400,0.00000117,0.00000123,0.00000094,0.00000108,46779947771659.00
1692316800,0.00000109,0.00000112,0.00000104,0.00000108,21996990213272.00
1692403200,0.00000108,0.00000115,0.00000108,0.00000113,14784184285282.00
1692489600,0.00000114,0.00000115,0.00000110,0.00000112,8318113316537.00
1692576000,0.00000112,0.00000113,0.00000104,0.00000109,12753984469558.00
1692662400,0.00000109,0.00000109,0.00000100,0.00000108,13438978783987.00
1692748800,0.00000107,0.00000113,0.00000104,0.00000111,15627110217872.00
1692835200,0.00000111,0.00000111,0.00000091,0.00000095,38816624206967.00
1692921600,0.00000095,0.00000095,0.00000078,0.00000088,77594172554340.00
1693008000,0.00000089,0.00000097,0.00000085,0.00000086,34896899047810.00
1693094400,0.00000087,0.00000092,0.00000086,0.00000090,16011606328145.00
1693180800,0.00000089,0.00000091,0.00000083,0.00000086,18472646543512.00
1693267200,0.00000086,0.00000091,0.00000081,0.00000090,33074490623556.00
1693353600,0.00000090,0.00000090,0.00000085,0.00000086,12619491563671.00
1693440000,0.00000086,0.00000088,0.00000079,0.00000080,18752856746966.00
1693526400,0.00000081,0.00000083,0.00000075,0.00000077,19949369582338.00
1693612800,0.00000078,0.00000080,0.00000076,0.00000078,11799612858488.00
1693699200,0.00000078,0.00000081,0.00000077,0.00000080,7539370075235.00
1693785600,0.00000080,0.00000083,0.00000078,0.00000080,12477793725963.00
1693872000,0.00000080,0.00000082,0.00000078,0.00000081,10052641643898.00
1693958400,0.00000080,0.00000081,0.00000077,0.00000079,11742250344305.00
1694044800,0.00000080,0.00000082,0.00000078,0.00000081,8255632027951.00
1694131200,0.00000081,0.00000082,0.00000077,0.00000079,10149449961227.00
1694217600,0.00000080,0.00000080,0.00000078,0.00000078,4283608800501.00
1694304000,0.00000078,0.00000079,0.00000069,0.00000070,17089511202382.00
1694390400,0.00000071,0.00000071,0.00000064,0.00000067,18913455157980.00
1694476800,0.00000067,0.00000071,0.00000066,0.00000067,13037994007407.00
1694563200,0.00000067,0.00000070,0.00000065,0.00000068,10501109127819.00
1694649600,0.00000068,0.00000070,0.00000067,0.00000069,6545609729528.00
1694736000,0.00000069,0.00000069,0.00000065,0.00000069,9401339973192.00
1694822400,0.00000068,0.00000071,0.00000067,0.00000067,8002667307945.00
1694908800,0.00000067,0.00000068,0.00000060,0.00000062,14219398820799.00
1694995200,0.00000063,0.00000065,0.00000061,0.00000062,12877928141639.00
1695081600,0.00000063,0.00000065,0.00000062,0.00000065,8474102623734.00
1695168000,0.00000065,0.00000065,0.00000061,0.00000063,11405976335636.00
1695254400,0.00000063,0.00000064,0.00000060,0.00000062,8551136420191.00
1695340800,0.00000062,0.00000074,0.00000060,0.00000071,38595166175049.00
1695427200,0.00000071,0.00000074,0.00000066,0.00000068,24401989391898.00
1695513600,0.00000068,0.00000070,0.00000065,0.00000067,11566262956864.00
1695600000,0.00000067,0.00000072,0.00000066,0.00000071,17225483805979.00
1695686400,0.00000071,0.00000073,0.00000068,0.00000069,10121842085931.00
1695772800,0.00000070,0.00000077,0.00000069,0.00000073,21916832291301.00
1695859200,0.00000073,0.00000076,0.00000070,0.00000074,13863946809369.00
1695945600,0.00000074,0.00000083,0.00000072,0.00000080,27295932915181.00
1696032000,0.00000080,0.00000082,0.00000076,0.00000080,17685460850822.00
1696118400,0.00000079,0.00000083,0.00000077,0.00000082,15921686083409.00
1696204800,0.00000081,0.00000085,0.00000070,0.00000075,26881051618954.00
1696291200,0.00000075,0.00000075,0.00000071,0.00000073,11065391738108.00
1696377600,0.00000072,0.00000073,0.00000069,0.00000072,9696276481736.00
1696464000,0.00000071,0.00000074,0.00000069,0.00000070,9972132421203.00
1696550400,0.00000070,0.00000073,0.00000068,0.00000072,10261132282821.00
1696636800,0.00000073,0.00000073,0.00000069,0.00000071,4159911656148.00
1696723200,0.00000071,0.00000072,0.00000069,0.00000071,6438158655917.00
1696809600,0.00000072,0.00000072,0.00000064,0.00000067,9352656740079.00
1696896000,0.00000067,0.00000067,0.00000063,0.00000065,5595459593043.00
1696982400,0.00000064,0.00000066,0.00000062,0.00000064,10283294673263.00
1697068800,0.00000064,0.00000064,0.00000061,0.00000062,6870406969301.00
1697155200,0.00000063,0.00000067,0.00000062,0.00000065,8280846933569.00
1697241600,0.00000064,0.00000066,0.00000064,0.00000064,3141326060978.00
1697328000,0.00000064,0.00000069,0.00000063,0.00000066,11387686626515.00
1697414400,0.00000066,0.00000072,0.00000066,0.00000067,14378396732242.00
1697500800,0.00000067,0.00000068,0.00000063,0.00000064,10156400346377.00
1697587200,0.00000064,0.00000065,0.00000062,0.00000063,7727040616746.00
1697673600,0.00000063,0.00000064,0.00000061,0.00000063,6995675929937.00
1697760000,0.00000063,0.00000067,0.00000062,0.00000065,11964588745017.00
1697846400,0.00000066,0.00000073,0.00000065,0.00000070,20859959710229.00
1697932800,0.00000069,0.00000076,0.00000068,0.00000074,24756682659876.00
1698019200,0.00000074,0.00000103,0.00000072,0.00000100,45750783175434.00
1698105600,0.00000101,0.00000106,0.00000086,0.00000093,104607458944187.00
1698192000,0.00000093,0.00000125,0.00000091,0.00000120,95342316968061.00
1698278400,0.00000121,0.00000136,0.00000112,0.00000129,89008192922210.00
1698364800,0.00000129,0.00000129,0.00000110,0.00000116,53300317249566.00
1698451200,0.00000117,0.00000126,0.00000111,0.00000114,22888533603942.00
1698537600,0.00000114,0.00000116,0.00000110,0.00000114,18968574402560.00
1698624000,0.00000114,0.00000123,0.00000113,0.00000118,28891816499867.00
1698710400,0.00000117,0.00000121,0.00000109,0.00000114,24563780286850.00
1698796800,0.00000115,0.00000123,0.00000109,0.00000119,28390913720235.00
1698883200,0.00000119,0.00000121,0.00000105,0.00000110,29957947477966.00
1698969600,0.00000110,0.00000110,0.00000102,0.00000108,20297215921193.00
1699056000,0.00000108,0.00000115,0.00000106,0.00000111,15141443885368.00
1699142400,0.00000112,0.00000115,0.00000108,0.00000112,16482901717711.00
1699228800,0.00000112,0.00000122,0.00000110,0.00000120,28383956034962.00
1699315200,0.00000120,0.00000121,0.00000108,0.00000117,21000172922881.00
1699401600,0.00000117,0.00000120,0.00000114,0.00000119,15578081625783.00
1699488000,0.00000119,0.00000146,0.00000116,0.00000133,89236919289270.00
1699574400,0.00000134,0.00000137,0.00000122,0.00000135,35669232772800.00
1699660800,0.00000135,0.00000139,0.00000124,0.00000128,28343499254640.00
1699747200,0.00000128,0.00000130,0.00000118,0.00000123,32982936229684.00
1699833600,0.00000123,0.00000130,0.00000115,0.00000116,47509485075892.00
1699920000,0.00000116,0.00000120,0.00000109,0.00000115,26627148802367.00
1700006400,0.00000115,0.00000129,0.00000114,0.00000126,24035636584097.00
1700092800,0.00000125,0.00000132,0.00000111,0.00000114,40426355879598.00
1700179200,0.00000114,0.00000118,0.00000109,0.00000116,18432574370111.00
1700265600,0.00000116,0.00000116,0.00000109,0.00000115,9099341417108.00
1700352000,0.00000115,0.00000120,0.00000111,0.00000119,12829339488605.00
1700438400,0.00000119,0.00000125,0.00000112,0.00000114,28287164068695.00
1700524800,0.00000113,0.00000115,0.00000103,0.00000103,26118601882051.00
1700611200,0.00000103,0.00000112,0.00000103,0.00000110,13871119111027.00
1700697600,0.00000111,0.00000114,0.00000106,0.00000107,9309861669105.00
1700784000,0.00000106,0.00000114,0.00000106,0.00000110,9972341752038.00
1700870400,0.00000111,0.00000120,0.00000109,0.00000118,13332684796749.00
1700956800,0.00000118,0.00000119,0.00000108,0.00000111,16419440921922.00
1701043200,0.00000111,0.00000113,0.00000104,0.00000109,16407359129096.00
1701129600,0.00000109,0.00000112,0.00000103,0.00000110,11299171424423.00
1701216000,0.00000110,0.00000112,0.00000105,0.00000106,8967706257312.00
1701302400,0.00000105,0.00000110,0.00000105,0.00000109,6460069071592.00
1701388800,0.00000109,0.00000112,0.00000107,0.00000111,8374104542726.00
1701475200,0.00000111,0.00000120,0.00000110,0.00000117,15978158426334.00
1701561600,0.00000116,0.00000124,0.00000116,0.00000120,24080129893362.00
1701648000,0.00000120,0.00000150,0.00000117,0.00000139,94811536718312.00
1701734400,0.00000139,0.00000169,0.00000134,0.00000161,113037094562019.00
1701820800,0.00000161,0.00000170,0.00000146,0.00000148,69549232032551.00
1701907200,0.00000148,0.00000165,0.00000141,0.00000153,40271069870937.00
1701993600,0.00000153,0.00000161,0.00000149,0.00000158,25539198341381.00
1702080000,0.00000158,0.00000175,0.00000150,0.00000154,47173039557600.00
1702166400,0.00000154,0.00000164,0.00000150,0.00000160,26284054416718.00
1702252800,0.00000161,0.00000162,0.00000133,0.00000142,42591067843364.00
1702339200,0.00000142,0.00000146,0.00000134,0.00000139,29533478553892.00
1702425600,0.00000139,0.00000144,0.00000130,0.00000142,23034685802544.00
1702512000,0.00000142,0.00000149,0.00000134,0.00000149,30697157756074.00
1702598400,0.00000149,0.00000150,0.00000132,0.00000133,25522394011573.00
1702684800,0.00000133,0.00000148,0.00000131,0.00000141,26571301957619.00
1702771200,0.00000141,0.00000147,0.00000133,0.00000133,18426607958960.00
1702857600,0.00000134,0.00000136,0.00000120,0.00000131,22361377711468.00
1702944000,0.00000131,0.00000134,0.00000124,0.00000125,15598199506996.00
1703030400,0.00000124,0.00000132,0.00000123,0.00000127,14000195334893.00
1703116800,0.00000126,0.00000133,0.00000122,0.00000131,18500680696398.00
1703203200,0.00000130,0.00000159,0.00000125,0.00000158,68319270332653.00
1703289600,0.00000158,0.00000160,0.00000143,0.00000148,24431839332602.00
1703376000,0.00000148,0.00000149,0.00000133,0.00000138,24100091801293.00
1703462400,0.00000137,0.00000145,0.00000135,0.00000141,17687700587460.00
1703548800,0.00000141,0.00000143,0.00000125,0.00000133,27017472028679.00
1703635200,0.00000134,0.00000150,0.00000128,0.00000144,28310259153988.00
1703721600,0.00000145,0.00000150,0.00000133,0.00000134,23212187022990.00
1703808000,0.00000135,0.00000144,0.00000130,0.00000134,18834249217057.00
1703894400,0.00000135,0.00000137,0.00000130,0.00000131,9834991915965.00
1703980800,0.00000131,0.00000136,0.00000126,0.00000130,10194272906826.00
1704067200,0.00000130,0.00000141,0.00000126,0.00000141,10865164027922.00
1704153600,0.00000141,0.00000144,0.00000132,0.00000134,15137462107836.00
1704240000,0.00000133,0.00000143,0.00000106,0.00000118,42632450755684.00
1704326400,0.00000119,0.00000129,0.00000117,0.00000125,19187742692945.00
1704412800,0.00000126,0.00000128,0.00000116,0.00000119,19133671718947.00
1704499200,0.00000120,0.00000120,0.00000109,0.00000115,15188698172548.00
1704585600,0.00000116,0.00000122,0.00000109,0.00000112,11398538263125.00
1704672000,0.00000112,0.00000121,0.00000103,0.00000119,20121379278908.00
1704758400,0.00000120,0.00000126,0.00000110,0.00000120,18025125522094.00
1704844800,0.00000120,0.00000139,0.00000116,0.00000133,52343219374280.00
1704931200,0.00000133,0.00000150,0.00000130,0.00000137,49633550687609.00
1705017600,0.00000137,0.00000141,0.00000119,0.00000124,36965360452190.00
1705104000,0.00000124,0.00000127,0.00000118,0.00000125,14550151661601.00
1705190400,0.00000125,0.00000126,0.00000119,0.00000119,12382921624014.00
1705276800,0.00000119,0.00000125,0.00000119,0.00000121,8345003521501.00
1705363200,0.00000121,0.00000127,0.00000118,0.00000124,12396493099902.00
1705449600,0.00000125,0.00000127,0.00000119,0.00000121,13866034763263.00
1705536000,0.00000120,0.00000122,0.00000112,0.00000114,14651063214144.00
1705622400,0.00000114,0.00000115,0.00000105,0.00000114,12107430475847.00
1705708800,0.00000114,0.00000118,0.00000110,0.00000117,10269148882077.00
1705795200,0.00000117,0.00000120,0.00000111,0.00000113,6201358247669.00
1705881600,0.00000112,0.00000113,0.00000104,0.00000106,12612945843908.00
1705968000,0.00000105,0.00000108,0.00000097,0.00000104,17556728438547.00
1706054400,0.00000104,0.00000107,0.00000102,0.00000104,11825052663079.00
1706140800,0.00000104,0.00000105,0.00000100,0.00000103,8591901460786.00
1706227200,0.00000103,0.00000110,0.00000101,0.00000108,10050714592437.00
1706313600,0.00000108,0.00000111,0.00000107,0.00000109,7613898780550.00
1706400000,0.00000109,0.00000112,0.00000105,0.00000106,10120841088681.00
1706486400,0.00000106,0.00000109,0.00000103,0.00000107,11269966936087.00
1706572800,0.00000106,0.00000108,0.00000100,0.00000101,17837504340424.00
1706659200,0.00000101,0.00000102,0.00000090,0.00000092,28245869326069.00
1706745600,0.00000092,0.00000094,0.00000088,0.00000092,12829786851690.00
1706832000,0.00000092,0.00000094,0.00000091,0.00000093,6596535387002.00
1706918400,0.00000093,0.00000095,0.00000091,0.00000093,4297295044776.00
1707004800,0.00000093,0.00000093,0.00000087,0.00000088,8882458961190.00
1707091200,0.00000089,0.00000098,0.00000086,0.00000090,16481718959706.00
1707177600,0.00000090,0.00000092,0.00000088,0.00000090,9397193132892.00
1707264000,0.00000090,0.00000099,0.00000090,0.00000097,10558557956954.00
1707350400,0.00000097,0.00000099,0.00000094,0.00000095,12024201543064.00
1707436800,0.00000095,0.00000103,0.00000095,0.00000101,12902858897938.00
1707523200,0.00000102,0.00000104,0.00000100,0.00000101,9289084981075.00
1707609600,0.00000101,0.00000104,0.00000098,0.00000100,8236852009279.00
1707696000,0.00000100,0.00000109,0.00000098,0.00000108,12108527911115.00
1707782400,0.00000108,0.00000114,0.00000104,0.00000108,16659490577641.00
1707868800,0.00000109,0.00000126,0.00000106,0.00000125,31317017836836.00
1707955200,0.00000125,0.00000131,0.00000119,0.00000125,30044848235132.00
1708041600,0.00000125,0.00000126,0.00000114,0.00000117,18920734687677.00
1708128000,0.00000117,0.00000120,0.00000110,0.00000119,12108624225279.00
1708214400,0.00000119,0.00000124,0.00000116,0.00000123,9719016562340.00
1708300800,0.00000122,0.00000126,0.00000119,0.00000123,13624454638332.00
1708387200,0.00000122,0.00000125,0.00000112,0.00000120,24695055507878.00
1708473600,0.00000119,0.00000120,0.00000109,0.00000115,15231045617827.00
1708560000,0.00000115,0.00000124,0.00000110,0.00000121,21104515253467.00
1708646400,0.00000121,0.00000141,0.00000117,0.00000119,58994233175973.00
1708732800,0.00000119,0.00000132,0.00000115,0.00000132,24259581958150.00
1708819200,0.00000131,0.00000140,0.00000128,0.00000137,24495507658346.00
1708905600,0.00000138,0.00000189,0.00000134,0.00000181,93195343189139.00
1708992000,0.00000180,0.00000297,0.00000174,0.00000267,226282232926620.00
1709078400,0.00000266,0.00000362,0.00000257,0.00000318,254270289671127.00
1709164800,0.00000317,0.00000332,0.00000263,0.00000274,97935843835738.00
1709251200,0.00000274,0.00000431,0.00000266,0.00000399,184576345790906.00
1709337600,0.00000399,0.00000498,0.00000391,0.00000438,147214916373577.00
1709424000,0.00000438,0.00000600,0.00000362,0.00000593,173274621238407.00
1709510400,0.00000592,0.00000830,0.00000556,0.00000701,223926134518049.00
1709596800,0.00000702,0.00000870,0.00000495,0.00000631,211263619755704.00
1709683200,0.00000630,0.00000825,0.00000588,0.00000720,145511090299350.00
1709769600,0.00000720,0.00000760,0.00000640,0.00000681,75642064450935.00
1709856000,0.00000681,0.00000952,0.00000674,0.00000901,187056982082851.00
1709942400,0.00000901,0.00000991,0.00000842,0.00000876,90532256565946.00
1710028800,0.00000877,0.00000930,0.00000819,0.00000854,64737605619945.00
1710115200,0.00000854,0.00000950,0.00000763,0.00000904,77067960025786.00
1710201600,0.00000904,0.00000914,0.00000751,0.00000828,60311976585114.00
1710288000,0.00000828,0.00000937,0.00000811,0.00000903,101704186773908.00
1710374400,0.00000903,0.00001084,0.00000874,0.00000996,156404776122429.00
1710460800,0.00000996,0.00001034,0.00000823,0.00000892,97307440037787.00
1710547200,0.00000892,0.00000908,0.00000702,0.00000743,90889772766495.00
1710633600,0.00000743,0.00000820,0.00000688,0.00000784,75258362170631.00
1710720000,0.00000784,0.00000820,0.00000660,0.00000682,56880837818899.00
1710806400,0.00000681,0.00000749,0.00000581,0.00000660,97656981309216.00
1710892800,0.00000659,0.00000860,0.00000642,0.00000839,112064090712534.00
1710979200,0.00000838,0.00000846,0.00000766,0.00000790,62047514410810.00
1711065600,0.00000790,0.00000828,0.00000709,0.00000742,54101243923929.00
1711152000,0.00000741,0.00000775,0.00000730,0.00000731,35858622768196.00
1711238400,0.00000732,0.00000800,0.00000718,0.00000782,29471443890225.00
1711324800,0.00000781,0.00000851,0.00000743,0.00000809,57625037319431.00
1711411200,0.00000809,0.00000874,0.00000783,0.00000804,48160503767324.00
1711497600,0.00000804,0.00000837,0.00000751,0.00000763,38743131635708.00
1711584000,0.00000762,0.00000832,0.00000738,0.00000803,43549323693181.00
1711670400,0.00000803,0.00000807,0.00000757,0.00000774,26589149496671.00
1711756800,0.00000774,0.00000886,0.00000770,0.00000813,55196726671498.00
1711843200,0.00000813,0.00000920,0.00000802,0.00000880,48324430335690.00
1711929600,0.00000880,0.00000880,0.00000764,0.00000792,53469194007581.00
1712016000,0.00000792,0.00000793,0.00000689,0.00000725,56499920796429.00
1712102400,0.00000724,0.00000745,0.00000659,0.00000680,43108815561442.00
1712188800,0.00000681,0.00000719,0.00000660,0.00000692,29568166317815.00
1712275200,0.00000692,0.00000699,0.00000634,0.00000657,25279617187422.00
1712361600,0.00000657,0.00000688,0.00000653,0.00000676,11637986935796.00
1712448000,0.00000676,0.00000753,0.00000672,0.00000744,29093812488646.00
1712534400,0.00000745,0.00000796,0.00000719,0.00000776,31420023960260.00
1712620800,0.00000776,0.00000787,0.00000691,0.00000704,31608662463212.00
1712707200,0.00000704,0.00000726,0.00000667,0.00000714,39330036039649.00
1712793600,0.00000714,0.00000757,0.00000681,0.00000731,43978083614549.00
1712880000,0.00000731,0.00000757,0.00000483,0.00000592,81273747129121.00
1712966400,0.00000592,0.00000606,0.00000393,0.00000504,114050482910111.00
1713052800,0.00000504,0.00000557,0.00000482,0.00000544,72965938328885.00
1713139200,0.00000544,0.00000582,0.00000473,0.00000509,61354258858968.00
1713225600,0.00000510,0.00000557,0.00000475,0.00000540,51080552094085.00
1713312000,0.00000540,0.00000549,0.00000486,0.00000492,48845798368874.00
1713398400,0.00000492,0.00000530,0.00000463,0.00000509,42792918615875.00
1713484800,0.00000509,0.00000547,0.00000460,0.00000513,60535210837907.00
1713571200,0.00000514,0.00000590,0.00000502,0.00000580,42504443697736.00
1713657600,0.00000580,0.00000623,0.00000560,0.00000595,54274626556283.00
1713744000,0.00000596,0.00000699,0.00000592,0.00000688,78857940056448.00
1713830400,0.00000687,0.00000787,0.00000665,0.00000768,90478085165195.00
1713916800,0.00000767,0.00000819,0.00000705,0.00000724,82980876149872.00
1714003200,0.00000724,0.00000809,0.00000694,0.00000778,66972584083877.00
1714089600,0.00000777,0.00000790,0.00000722,0.00000737,47644521046200.00
1714176000,0.00000738,0.00000743,0.00000666,0.00000721,38161089352248.00
1714262400,0.00000720,0.00000777,0.00000713,0.00000723,33633020643574.00
1714348800,0.00000723,0.00000749,0.00000678,0.00000735,40463083634790.00
1714435200,0.00000735,0.00000760,0.00000633,0.00000667,56580180799243.00
1714521600,0.00000667,0.00000727,0.00000592,0.00000698,70904265766380.00
1714608000,0.00000698,0.00000788,0.00000667,0.00000754,63840885464238.00
1714694400,0.00000754,0.00000830,0.00000745,0.00000808,59057894969780.00
1714780800,0.00000807,0.00000898,0.00000801,0.00000867,53432374623264.00
1714867200,0.00000867,0.00000880,0.00000826,0.00000853,34623526948606.00
1714953600,0.00000852,0.00000918,0.00000830,0.00000835,51503640694845.00
1715040000,0.00000834,0.00000865,0.00000789,0.00000789,34538351326553.00
1715126400,0.00000789,0.00000825,0.00000761,0.00000796,33783010434017.00
1715212800,0.00000796,0.00000875,0.00000789,0.00000853,43251024265128.00
1715299200,0.00000854,0.00000882,0.00000816,0.00000841,37029559188810.00
1715385600,0.00000841,0.00000895,0.00000837,0.00000852,29020274937837.00
1715472000,0.00000851,0.00000895,0.00000849,0.00000876,21347505480927.00
1715558400,0.00000875,0.00001119,0.00000830,0.00000992,89105690987820.00
1715644800,0.00000991,0.00001146,0.00000982,0.00001057,98218036398259.00
1715731200,0.00001057,0.00001161,0.00000994,0.00001050,74655396464317.00
1715817600,0.00001051,0.00001080,0.00000960,0.00001003,40854212814571.00
1715904000,0.00001004,0.00001044,0.00000983,0.00001018,27361999292881.00
1715990400,0.00001018,0.00001046,0.00000917,0.00000954,24598030114676.00
1716076800,0.00000955,0.00000960,0.00000889,0.00000916,19693270854641.00
1716163200,0.00000915,0.00001145,0.00000895,0.00001141,53107161315897.00
1716249600,0.00001141,0.00001417,0.00001082,0.00001384,95181564815565.00
1716336000,0.00001383,0.00001433,0.00001250,0.00001338,69254147028874.00
1716422400,0.00001338,0.00001576,0.00001276,0.00001494,95688044072650.00
1716508800,0.00001493,0.00001517,0.00001344,0.00001415,44374876804604.00
1716595200,0.00001415,0.00001585,0.00001411,0.00001497,43211670065585.00
1716681600,0.00001496,0.00001639,0.00001462,0.00001603,47622342552196.00
1716768000,0.00001603,0.00001725,0.00001599,0.00001671,49604669541424.00
1716854400,0.00001671,0.00001710,0.00001556,0.00001600,49081470985205.00
1716940800,0.00001600,0.00001656,0.00001433,0.00001476,42059144267696.00
1717027200,0.00001476,0.00001522,0.00001313,0.00001442,57687172903462.00
1717113600,0.00001442,0.00001580,0.00001425,0.00001542,41132651922170.00
1717200000,0.00001542,0.00001577,0.00001475,0.00001486,22402843643376.00
1717286400,0.00001485,0.00001509,0.00001388,0.00001463,29232957814140.00
1717372800,0.00001463,0.00001551,0.00001435,0.00001444,30425080580827.00
1717459200,0.00001444,0.00001479,0.00001397,0.00001436,26839601587273.00
1717545600,0.00001437,0.00001510,0.00001407,0.00001458,28633734298365.00
1717632000,0.00001459,0.00001522,0.00001421,0.00001434,19383101403238.00
1717718400,0.00001435,0.00001453,0.00001116,0.00001278,43743827453297.00
1717804800,0.00001279,0.00001323,0.00001196,0.00001211,26890084859231.00
1717891200,0.00001211,0.00001296,0.00001185,0.00001276,22388863768983.00
1717977600,0.00001276,0.00001313,0.00001204,0.00001208,20351015044522.00
1718064000,0.00001207,0.00001300,0.00001137,0.00001274,39729739078490.00
1718150400,0.00001274,0.00001390,0.00001211,0.00001321,44850857156380.00
1718236800,0.00001321,0.00001335,0.00001171,0.00001192,29109550108998.00
1718323200,0.00001192,0.00001230,0.00001057,0.00001138,35209484714436.00
1718409600,0.00001138,0.00001229,0.00001133,0.00001185,19846822573364.00
1718496000,0.00001186,0.00001245,0.00001144,0.00001231,16817658513145.00
1718582400,0.00001231,0.00001243,0.00001073,0.00001117,31595171599050.00
1718668800,0.00001117,0.00001125,0.00000968,0.00001096,48551165700705.00
1718755200,0.00001097,0.00001190,0.00001074,0.00001136,30604465296456.00
1718841600,0.00001136,0.00001227,0.00001087,0.00001099,34090137883014.00
1718928000,0.00001099,0.00001174,0.00001054,0.00001141,30628265184876.00
1719014400,0.00001142,0.00001164,0.00001115,0.00001143,12932477620868.00
1719100800,0.00001143,0.00001185,0.00001082,0.00001092,17160498841381.00
1719187200,0.00001092,0.00001134,0.00001000,0.00001131,38554522561955.00
1719273600,0.00001130,0.00001307,0.00001127,0.00001285,40507406017830.00
1719360000,0.00001285,0.00001350,0.00001209,0.00001254,27000614561598.00
1719446400,0.00001254,0.00001274,0.00001212,0.00001260,22687560654448.00
1719532800,0.00001260,0.00001265,0.00001138,0.00001159,20016829059199.00
1719619200,0.00001159,0.00001186,0.00001126,0.00001131,10030622274836.00
1719705600,0.00001131,0.00001193,0.00001082,0.00001193,18695728858936.00
1719792000,0.00001194,0.00001219,0.00001131,0.00001142,17262734636768.00
1719878400,0.00001143,0.00001164,0.00001097,0.00001133,15893287660534.00
1719964800,0.00001133,0.00001135,0.00000996,0.00001025,26207966498875.00
1720051200,0.00001026,0.00001037,0.00000883,0.00000893,40379008475124.00
1720137600,0.00000894,0.00000919,0.00000763,0.00000889,71767549724139.00
1720224000,0.00000889,0.00000991,0.00000871,0.00000972,28622652113000.00
1720310400,0.00000973,0.00000975,0.00000833,0.00000840,26661410961718.00
1720396800,0.00000841,0.00000953,0.00000775,0.00000915,58675232895782.00
1720483200,0.00000914,0.00000959,0.00000889,0.00000908,27715642214951.00
1720569600,0.00000909,0.00000944,0.00000875,0.00000921,25208841860990.00
1720656000,0.00000921,0.00000978,0.00000880,0.00000889,27602252666939.00
1720742400,0.00000889,0.00000899,0.00000826,0.00000869,26258889103386.00
1720828800,0.00000869,0.00000894,0.00000845,0.00000868,14146981339080.00
1720915200,0.00000869,0.00000936,0.00000859,0.00000920,23364756924049.00
1721001600,0.00000920,0.00001147,0.00000913,0.00001132,55347202893573.00
1721088000,0.00001132,0.00001268,0.00001111,0.00001237,82053972345590.00
1721174400,0.00001237,0.00001289,0.00001151,0.00001169,38286195565163.00
1721260800,0.00001169,0.00001223,0.00001122,0.00001164,34870230996974.00
1721347200,0.00001165,0.00001306,0.00001128,0.00001269,36711472640152.00
1721433600,0.00001268,0.00001276,0.00001191,0.00001222,24918973309251.00
1721520000,0.00001222,0.00001274,0.00001156,0.00001250,24798019966922.00
1721606400,0.00001250,0.00001268,0.00001172,0.00001190,17948429267986.00
1721692800,0.00001190,0.00001275,0.00001159,0.00001252,34856095216815.00
1721779200,0.00001252,0.00001315,0.00001198,0.00001222,30153947478075.00
1721865600,0.00001222,0.00001228,0.00001083,0.00001148,30049257607459.00
1721952000,0.00001148,0.00001212,0.00001140,0.00001202,17025918270977.00
1722038400,0.00001203,0.00001249,0.00001158,0.00001190,18184960677761.00
1722124800,0.00001190,0.00001198,0.00001154,0.00001175,7943713286387.00
1722211200,0.00001175,0.00001242,0.00001169,0.00001179,20008827971908.00
1722297600,0.00001180,0.00001204,0.00001103,0.00001131,14525764926687.00
1722384000,0.00001132,0.00001165,0.00001087,0.00001105,12603291277859.00
1722470400,0.00001104,0.00001115,0.00000973,0.00001051,26994153329356.00
1722556800,0.00001052,0.00001061,0.00000923,0.00000932,28033167875062.00
1722643200,0.00000933,0.00000955,0.00000828,0.00000862,30164160311839.00
1722729600,0.00000862,0.00000879,0.00000766,0.00000810,39535839775128.00
1722816000,0.00000810,0.00000826,0.00000585,0.00000704,132175251906618.00
1722902400,0.00000704,0.00000819,0.00000702,0.00000774,57985284723821.00
1722988800,0.00000774,0.00000839,0.00000726,0.00000736,49504329429931.00
1723075200,0.00000737,0.00000889,0.00000719,0.00000877,47115027946704.00
1723161600,0.00000876,0.00000900,0.00000831,0.00000852,35712036521251.00
1723248000,0.00000853,0.00000871,0.00000827,0.00000844,13535135030208.00
1723334400,0.00000843,0.00000879,0.00000765,0.00000773,28086528226204.00
1723420800,0.00000773,0.00000850,0.00000770,0.00000822,36281490083751.00
1723507200,0.00000823,0.00000838,0.00000789,0.00000818,19000696616316.00
1723593600,0.00000819,0.00000847,0.00000790,0.00000800,22210051404078.00
1723680000,0.00000800,0.00000807,0.00000719,0.00000744,25971356753737.00
1723766400,0.00000745,0.00000759,0.00000686,0.00000718,32098133972640.00
1723852800,0.00000718,0.00000771,0.00000710,0.00000749,17941973792579.00
1723939200,0.00000748,0.00000763,0.00000728,0.00000729,15008040109233.00
1724025600,0.00000729,0.00000771,0.00000715,0.00000768,18328485887039.00
1724112000,0.00000768,0.00000829,0.00000763,0.00000775,31044780040143.00
1724198400,0.00000775,0.00000809,0.00000750,0.00000791,21583988221387.00
1724284800,0.00000792,0.00000808,0.00000772,0.00000799,18338045877419.00
1724371200,0.00000798,0.00000930,0.00000794,0.00000908,38146023030646.00
1724457600,0.00000907,0.00000986,0.00000885,0.00000950,36652061313255.00
1724544000,0.00000949,0.00000953,0.00000868,0.00000914,26716629978691.00
1724630400,0.00000914,0.00000927,0.00000842,0.00000852,23840754822384.00
1724716800,0.00000852,0.00000870,0.00000751,0.00000764,29853904276927.00
1724803200,0.00000764,0.00000814,0.00000734,0.00000769,33164485041232.00
1724889600,0.00000769,0.00000820,0.00000755,0.00000765,20526334117869.00
1724976000,0.00000765,0.00000793,0.00000734,0.00000777,19359998442042.00
1725062400,0.00000776,0.00000788,0.00000751,0.00000759,8831042992721.00
1725148800,0.00000760,0.00000764,0.00000706,0.00000714,13434534390703.00
1725235200,0.00000714,0.00000770,0.00000707,0.00000762,15867883282559.00
1725321600,0.00000761,0.00000777,0.00000724,0.00000726,11622079536686.00
1725408000,0.00000727,0.00000753,0.00000684,0.00000735,22387905167693.00
1725494400,0.00000736,0.00000741,0.00000700,0.00000710,11308329658126.00
1725580800,0.00000711,0.00000728,0.00000633,0.00000665,23776934439331.00
1725667200,0.00000665,0.00000703,0.00000664,0.00000677,13494155019632.00
1725753600,0.00000677,0.00000741,0.00000670,0.00000707,17456685657848.00
1725840000,0.00000708,0.00000761,0.00000694,0.00000738,21404330033392.00
1725926400,0.00000739,0.00000756,0.00000728,0.00000746,18520744244221.00
1726012800,0.00000747,0.00000747,0.00000697,0.00000724,20894540166619.00
1726099200,0.00000724,0.00000750,0.00000721,0.00000742,14334274999080.00
1726185600,0.00000742,0.00000806,0.00000730,0.00000791,17937447972613.00
1726272000,0.00000790,0.00000795,0.00000763,0.00000776,10935531850164.00
1726358400,0.00000775,0.00000783,0.00000730,0.00000735,10350387033192.00
1726444800,0.00000736,0.00000739,0.00000706,0.00000720,17402331398461.00
1726531200,0.00000720,0.00000765,0.00000711,0.00000733,20301556088603.00
1726617600,0.00000733,0.00000755,0.00000699,0.00000753,24530911000973.00
1726704000,0.00000754,0.00000834,0.00000753,0.00000794,35620686879447.00
1726790400,0.00000795,0.00000851,0.00000771,0.00000825,32445336302545.00
1726876800,0.00000825,0.00000844,0.00000800,0.00000842,12950500480373.00
1726963200,0.00000842,0.00000848,0.00000773,0.00000801,16052905587386.00
1727049600,0.00000800,0.00000834,0.00000782,0.00000813,18743649782506.00
1727136000,0.00000814,0.00000876,0.00000792,0.00000859,31769880267679.00
1727222400,0.00000859,0.00000880,0.00000836,0.00000845,26050852813724.00
1727308800,0.00000845,0.00000973,0.00000822,0.00000952,42906341450303.00
1727395200,0.00000952,0.00001094,0.00000936,0.00001070,37466459477277.00
1727481600,0.00001070,0.00001156,0.00001055,0.00001138,35407966825139.00
1727568000,0.00001138,0.00001197,0.00001098,0.00001128,32890779246040.00
1727654400,0.00001129,0.00001150,0.00001035,0.00001046,31337476998088.00
1727740800,0.00001047,0.00001145,0.00000929,0.00000970,58227152177573.00
1727827200,0.00000970,0.00001032,0.00000892,0.00000924,43462733277731.00
1727913600,0.00000924,0.00000953,0.00000833,0.00000864,34377251880805.00
1728000000,0.00000864,0.00000960,0.00000848,0.00000939,34691476414717.00
1728086400,0.00000940,0.00000961,0.00000915,0.00000935,21837595780367.00
1728172800,0.00000936,0.00001033,0.00000925,0.00001023,29884884704265.00
1728259200,0.00001023,0.00001082,0.00000977,0.00000980,43987938222565.00
1728345600,0.00000979,0.00001007,0.00000931,0.00000951,28331793957112.00
1728432000,0.00000951,0.00000987,0.00000898,0.00000912,25503133262571.00
1728518400,0.00000911,0.00000946,0.00000880,0.00000930,20977289858987.00
1728604800,0.00000930,0.00000997,0.00000920,0.00000974,23913837083229.00
1728691200,0.00000974,0.00001024,0.00000968,0.00000989,21117445713540.00
1728777600,0.00000990,0.00000999,0.00000937,0.00000970,19072871121618.00
1728864000,0.00000970,0.00001108,0.00000954,0.00001090,42374721167931.00
1728950400,0.00001090,0.00001117,0.00001002,0.00001038,46904224213435.00
1729036800,0.00001039,0.00001067,0.00001011,0.00001044,27037152697875.00
1729123200,0.00001044,0.00001056,0.00000963,0.00000988,24029009701626.00
1729209600,0.00000988,0.00001073,0.00000983,0.00001050,26626102973441.00
1729296000,0.00001051,0.00001094,0.00001030,0.00001049,15458732248851.00
1729382400,0.00001049,0.00001079,0.00001010,0.00001068,16873419331430.00
1729468800,0.00001069,0.00001090,0.00001004,0.00001018,20240128293626.00
1729555200,0.00001018,0.00001036,0.00000986,0.00001008,13204050218804.00
1729641600,0.00001008,0.00001012,0.00000940,0.00000981,17576930524731.00
1729728000,0.00000982,0.00001009,0.00000967,0.00001000,14662054823969.00
1729814400,0.00001000,0.00001005,0.00000843,0.00000878,26681740527608.00
1729900800,0.00000879,0.00000912,0.00000863,0.00000908,16140291288574.00
1729987200,0.00000908,0.00000929,0.00000893,0.00000917,11316407147221.00
1730073600,0.00000917,0.00000944,0.00000858,0.00000918,19801750530023.00
1730160000,0.00000917,0.00000992,0.00000913,0.00000967,22232734144041.00
1730246400,0.00000967,0.00001012,0.00000927,0.00000964,24869518870553.00
1730332800,0.00000964,0.00000971,0.00000900,0.00000911,14652779135191.00
1730419200,0.00000912,0.00000935,0.00000872,0.00000889,15597362693314.00
1730505600,0.00000889,0.00000900,0.00000854,0.00000872,9078290325175.00
1730592000,0.00000872,0.00000873,0.00000787,0.00000818,18816942379789.00
1730678400,0.00000817,0.00000838,0.00000771,0.00000792,18818019834167.00
1730764800,0.00000792,0.00000882,0.00000792,0.00000856,21417947166059.00
1730851200,0.00000856,0.00001005,0.00000856,0.00000989,50548283754805.00
1730937600,0.00000990,0.00001105,0.00000984,0.00001099,47000103444447.00
1731024000,0.00001100,0.00001149,0.00001027,0.00001076,37168570367010.00
1731110400,0.00001077,0.00001148,0.00001045,0.00001120,37362313900438.00
1731196800,0.00001119,0.00001299,0.00001100,0.00001232,83979197562959.00
1731283200,0.00001232,0.00001345,0.00001175,0.00001299,77301570891980.00
1731369600,0.00001299,0.00001490,0.00001229,0.00001413,109268506351477.00
1731456000,0.00001412,0.00002244,0.00001249,0.00002081,219467807645599.00
1731542400,0.00002082,0.00002597,0.00002007,0.00002065,151365034230073.00
1731628800,0.00002065,0.00002400,0.00001880,0.00002333,86313685572174.00
1731715200,0.00002333,0.00002366,0.00002064,0.00002130,43192733933935.00
1731801600,0.00002129,0.00002258,0.00001943,0.00002121,48865012016577.00
1731888000,0.00002121,0.00002277,0.00001959,0.00002048,46185103558075.00
1731974400,0.00002047,0.00002122,0.00001892,0.00001968,40112058690216.00
1732060800,0.00001969,0.00002059,0.00001830,0.00001876,40535014911691.00
1732147200,0.00001877,0.00002170,0.00001804,0.00002070,53875208166057.00
1732233600,0.00002070,0.00002184,0.00001977,0.00002064,33959201755388.00
1732320000,0.00002064,0.00002234,0.00001968,0.00002049,47710744809661.00
1732406400,0.00002050,0.00002122,0.00001904,0.00002020,28260883140421.00
1732492800,0.00002021,0.00002076,0.00001834,0.00001897,30831062926904.00
1732579200,0.00001897,0.00001947,0.00001729,0.00001828,29739168819244.00
1732665600,0.00001829,0.00002014,0.00001788,0.00001974,26345770608857.00
1732752000,0.00001974,0.00002033,0.00001894,0.00001985,20507953884290.00
1732838400,0.00001986,0.00002130,0.00001950,0.00002046,27827773634963.00
1732924800,0.00002047,0.00002165,0.00002009,0.00002020,20867699497576.00
1733011200,0.00002020,0.00002333,0.00002006,0.00002226,40062629234881.00
1733097600,0.00002225,0.00002285,0.00001952,0.00002043,41755718391846.00
1733184000,0.00002043,0.00002108,0.00001885,0.00002025,32157526543298.00
1733270400,0.00002026,0.00002209,0.00002019,0.00002179,38658071348223.00
1733356800,0.00002179,0.00002290,0.00002032,0.00002118,40285168050511.00
1733443200,0.00002119,0.00002223,0.00002034,0.00002155,26596100280809.00
1733529600,0.00002155,0.00002694,0.00002110,0.00002489,50539372914667.00
1733616000,0.00002490,0.00002717,0.00002418,0.00002642,42593220595135.00
1733702400,0.00002642,0.00002836,0.00002333,0.00002649,82932866321320.00
1733788800,0.00002650,0.00002723,0.00002209,0.00002348,73552507106171.00
1733875200,0.00002348,0.00002548,0.00002162,0.00002512,37832623045386.00
1733961600,0.00002512,0.00002572,0.00002321,0.00002365,25025648068128.00
1734048000,0.00002365,0.00002499,0.00002306,0.00002475,16955284110496.00
1734134400,0.00002476,0.00002486,0.00002291,0.00002333,11838393256148.00
1734220800,0.00002334,0.00002453,0.00002259,0.00002415,12647918070646.00
1734307200,0.00002416,0.00002472,0.00002290,0.00002345,21025862030606.00
1734393600,0.00002345,0.00002365,0.00002206,0.00002244,15422714288799.00
1734480000,0.00002244,0.00002254,0.00001912,0.00001943,26846597305414.00
1734566400,0.00001944,0.00001975,0.00001653,0.00001705,44992131613453.00
1734652800,0.00001705,0.00001794,0.00001441,0.00001767,53723342953662.00
1734739200,0.00001768,0.00001974,0.00001694,0.00001741,34818687048227.00
1734825600,0.00001741,0.00001844,0.00001668,0.00001785,22210821235620.00
1734912000,0.00001785,0.00001886,0.00001723,0.00001848,20145844548886.00
1734998400,0.00001847,0.00001954,0.00001790,0.00001926,16436827609987.00
1735084800,0.00001925,0.00001945,0.00001810,0.00001854,14797984293750.00
1735171200,0.00001854,0.00001878,0.00001704,0.00001739,13227748320847.00
1735257600,0.00001739,0.00001830,0.00001726,0.00001788,13660033531008.00
1735344000,0.00001789,0.00001903,0.00001776,0.00001876,9469146279294.00
1735430400,0.00001876,0.00001919,0.00001775,0.00001789,9116197110944.00
1735516800,0.00001790,0.00001900,0.00001745,0.00001846,14012271530950.00
1735603200,0.00001846,0.00002185,0.00001770,0.00001996,45739570232961.00
1735689600,0.00001996,0.00002077,0.00001907,0.00001938,16682666084636.00
1735776000,0.00001938,0.00002117,0.00001919,0.00002048,21627625482687.00
1735862400,0.00002048,0.00002175,0.00002006,0.00002159,14899135389828.00
1735948800,0.00002159,0.00002190,0.00002054,0.00002112,11555524610118.00
1736035200,0.00002113,0.00002139,0.00002032,0.00002072,7073091306173.00
1736121600,0.00002071,0.00002139,0.00002026,0.00002078,10202159475639.00
1736208000,0.00002078,0.00002084,0.00001845,0.00001859,18763623814545.00
1736294400,0.00001859,0.00001893,0.00001701,0.00001782,17669793623298.00
1736380800,0.00001782,0.00001810,0.00001663,0.00001701,16559799889161.00
1736467200,0.00001701,0.00001791,0.00001699,0.00001764,16319015095746.00
1736553600,0.00001764,0.00001848,0.00001747,0.00001802,6439600278724.00
1736640000,0.00001802,0.00001804,0.00001748,0.00001775,5011918296641.00
1736726400,0.00001775,0.00001829,0.00001561,0.00001686,23342503853938.00
1736812800,0.00001685,0.00001764,0.00001679,0.00001746,10728110959461.00
1736899200,0.00001747,0.00001922,0.00001686,0.00001907,16682626026136.00
1736985600,0.00001907,0.00001926,0.00001795,0.00001812,15198692346430.00
1737072000,0.00001813,0.00002054,0.00001813,0.00002030,21668399109828.00
1737158400,0.00002030,0.00002103,0.00001810,0.00001845,24907807730325.00
1737244800,0.00001845,0.00001900,0.00001520,0.00001604,62882541482112.00
1737331200,0.00001604,0.00001760,0.00001512,0.00001580,59103382658573.00
1737417600,0.00001580,0.00001637,0.00001473,0.00001590,27143688797501.00
1737504000,0.00001590,0.00001619,0.00001500,0.00001515,12817606784768.00
1737590400,0.00001515,0.00001559,0.00001430,0.00001532,21125125131689.00
1737676800,0.00001533,0.00001618,0.00001458,0.00001494,16248774465024.00
1737763200,0.00001495,0.00001540,0.00001459,0.00001504,8029163961541.00
1737849600,0.00001504,0.00001520,0.00001394,0.00001402,9098053764288.00
1737936000,0.00001402,0.00001402,0.00001210,0.00001311,36311622274024.00
1738022400,0.00001312,0.00001336,0.00001133,0.00001145,17291386273714.00
1738108800,0.00001145,0.00001334,0.00001136,0.00001239,30764079573540.00
1738195200,0.00001240,0.00001350,0.00001222,0.00001293,15593336329527.00
1738281600,0.00001294,0.00001478,0.00001275,0.00001386,26881347636132.00
1738368000,0.00001386,0.00001430,0.00001206,0.00001224,19306388674839.00
1738454400,0.00001225,0.00001253,0.00000999,0.00001078,41791389996776.00
1738540800,0.00001078,0.00001144,0.00000796,0.00001100,86878701520935.00
1738627200,0.00001100,0.00001110,0.00000965,0.00001015,33913513843407.00
1738713600,0.00001016,0.00001046,0.00000974,0.00001001,16978008551162.00
1738800000,0.00001001,0.00001039,0.00000911,0.00000922,22399169719870.00
1738886400,0.00000921,0.00000984,0.00000845,0.00000893,25788776543072.00
1738972800,0.00000893,0.00000969,0.00000887,0.00000957,19237931847348.00
1739059200,0.00000956,0.00000985,0.00000891,0.00000954,15025156515424.00
1739145600,0.00000953,0.00000996,0.00000915,0.00000959,18057207333654.00
1739232000,0.00000959,0.00001061,0.00000938,0.00000959,25128522224855.00
1739318400,0.00000958,0.00001027,0.00000905,0.00001009,29356006071016.00
1739404800,0.00001009,0.00001025,0.00000944,0.00000968,14123544965627.00
1739491200,0.00000969,0.00001076,0.00000962,0.00001030,16932254518253.00
1739577600,0.00001030,0.00001038,0.00000982,0.00000994,7693921894156.00
1739664000,0.00000994,0.00001004,0.00000957,0.00000970,6597553335879.00
1739750400,0.00000970,0.00001067,0.00000950,0.00001012,21946357332885.00
1739836800,0.00001011,0.00001020,0.00000891,0.00000926,20043926315436.00
1739923200,0.00000927,0.00000957,0.00000912,0.00000936,10331310968338.00
1740009600,0.00000936,0.00000971,0.00000930,0.00000962,10872954762200.00
1740096000,0.00000962,0.00001015,0.00000904,0.00000913,18582732525321.00
1740182400,0.00000912,0.00000973,0.00000907,0.00000963,11947003340550.00
1740268800,0.00000962,0.00000981,0.00000921,0.00000935,12092609836081.00
1740355200,0.00000935,0.00000943,0.00000762,0.00000789,24468172172713.00
1740441600,0.00000789,0.00000843,0.00000731,0.00000825,40331085887872.00
1740528000,0.00000825,0.00000851,0.00000782,0.00000833,22218035291335.00
1740614400,0.00000833,0.00000860,0.00000806,0.00000821,19415820833894.00
1740700800,0.00000821,0.00000826,0.00000726,0.00000792,29419911437333.00
1740787200,0.00000793,0.00000800,0.00000736,0.00000759,16175337433553.00
1740873600,0.00000759,0.00000895,0.00000755,0.00000883,39065875037670.00
1740960000,0.00000884,0.00000888,0.00000706,0.00000723,32809500821447.00
1741046400,0.00000723,0.00000729,0.00000627,0.00000699,43532682018350.00
1741132800,0.00000699,0.00000736,0.00000681,0.00000708,17753506885893.00
1741219200,0.00000707,0.00000735,0.00000676,0.00000683,15747235495301.00
1741305600,0.00000684,0.00000736,0.00000642,0.00000698,26640058730724.00
1741392000,0.00000699,0.00000705,0.00000657,0.00000667,11787340848006.00
1741478400,0.00000667,0.00000674,0.00000572,0.00000587,17797753811142.00
1741564800,0.00000587,0.00000665,0.00000563,0.00000570,35370198357125.00
1741651200,0.00000570,0.00000651,0.00000525,0.00000633,40392227387815.00
1741737600,0.00000632,0.00000698,0.00000614,0.00000696,30680982363059.00
1741824000,0.00000695,0.00000745,0.00000650,0.00000669,41663815584520.00
1741910400,0.00000670,0.00000734,0.00000668,0.00000706,26405468563415.00
1741996800,0.00000706,0.00000738,0.00000696,0.00000714,14789704988378.00
1742083200,0.00000714,0.00000718,0.00000645,0.00000658,21933732464269.00
1742169600,0.00000659,0.00000761,0.00000657,0.00000739,25521302691140.00
1742256000,0.00000739,0.00000742,0.00000671,0.00000728,27712011815481.00
1742342400,0.00000729,0.00000756,0.00000714,0.00000746,26499870906366.00
1742428800,0.00000746,0.00000787,0.00000728,0.00000765,25395001173920.00
1742515200,0.00000765,0.00000789,0.00000715,0.00000720,19419225206620.00
1742601600,0.00000721,0.00000740,0.00000700,0.00000707,11481207626108.00
1742688000,0.00000707,0.00000740,0.00000701,0.00000735,10369554192484.00
1742774400,0.00000735,0.00000819,0.00000719,0.00000799,24475569856055.00
1742860800,0.00000799,0.00000825,0.00000783,0.00000801,16162055280387.00
1742947200,0.00000801,0.00000926,0.00000796,0.00000852,32284974573860.00
1743033600,0.00000853,0.00000870,0.00000819,0.00000844,15801370847681.00
1743120000,0.00000844,0.00000852,0.00000760,0.00000779,14721635578042.00
1743206400,0.00000778,0.00000789,0.00000706,0.00000722,14056668488557.00
1743292800,0.00000722,0.00000734,0.00000677,0.00000694,15221550364652.00
1743379200,0.00000695,0.00000735,0.00000676,0.00000720,23151355844890.00
1743465600,0.00000721,0.00000787,0.00000719,0.00000772,25847762581546.00
1743552000,0.00000772,0.00000807,0.00000690,0.00000705,38726852577026.00
1743638400,0.00000706,0.00000730,0.00000638,0.00000671,27610092405897.00
1743724800,0.00000671,0.00000728,0.00000660,0.00000724,31570598218828.00
1743811200,0.00000724,0.00000737,0.00000692,0.00000706,10842125117263.00
1743897600,0.00000706,0.00000713,0.00000615,0.00000634,21788839301624.00
1743984000,0.00000634,0.00000679,0.00000571,0.00000645,65317332969266.00
1744070400,0.00000645,0.00000664,0.00000592,0.00000605,23986003606990.00
1744156800,0.00000605,0.00000714,0.00000578,0.00000697,42505343766850.00
1744243200,0.00000697,0.00000700,0.00000648,0.00000671,20025266469404.00
1744329600,0.00000670,0.00000705,0.00000664,0.00000694,16599492989938.00
1744416000,0.00000693,0.00000758,0.00000682,0.00000744,15796738603577.00
1744502400,0.00000744,0.00000777,0.00000711,0.00000727,19923587167066.00
1744588800,0.00000728,0.00000774,0.00000725,0.00000734,22245174412795.00
1744675200,0.00000734,0.00000752,0.00000690,0.00000700,18510467726755.00
1744761600,0.00000701,0.00000733,0.00000693,0.00000713,18203525256576.00
1744848000,0.00000714,0.00000744,0.00000703,0.00000724,14102580378979.00
1744934400,0.00000723,0.00000734,0.00000701,0.00000734,13797117151992.00
1745020800,0.00000733,0.00000760,0.00000716,0.00000750,10385767573594.00
1745107200,0.00000750,0.00000770,0.00000726,0.00000754,11307194206753.00
1745193600,0.00000754,0.00000805,0.00000752,0.00000774,18831906374085.00
1745280000,0.00000774,0.00000890,0.00000761,0.00000881,25921817517096.00
1745366400,0.00000881,0.00000930,0.00000863,0.00000883,32085023501684.00
1745452800,0.00000883,0.00000887,0.00000832,0.00000876,18137101986078.00
1745539200,0.00000876,0.00000929,0.00000856,0.00000905,21672223311448.00
1745625600,0.00000905,0.00000981,0.00000902,0.00000918,17825697684688.00
1745712000,0.00000918,0.00000921,0.00000872,0.00000876,10905929140275.00
1745798400,0.00000876,0.00000920,0.00000855,0.00000896,17781482961753.00
1745884800,0.00000897,0.00000916,0.00000871,0.00000887,10685343236254.00
1745971200,0.00000887,0.00000913,0.00000845,0.00000889,13141943422573.00
1746057600,0.00000890,0.00000909,0.00000866,0.00000873,15932783748951.00
1746144000,0.00000873,0.00000893,0.00000852,0.00000870,12683809623183.00
1746230400,0.00000869,0.00000873,0.00000807,0.00000817,10038065905981.00
1746316800,0.00000818,0.00000828,0.00000799,0.00000809,9751661778173.00
1746403200,0.00000809,0.00000836,0.00000778,0.00000794,13989199773095.00
1746489600,0.00000794,0.00000803,0.00000758,0.00000799,13953834748026.00
1746576000,0.00000800,0.00000832,0.00000794,0.00000825,14128870126831.00
1746662400,0.00000825,0.00001178,0.00000822,0.00001112,52093827982190.00
1746748800,0.00001112,0.00001397,0.00001064,0.00001237,74063552857195.00
1746835200,0.00001237,0.00001406,0.00001216,0.00001370,45614509129242.00
1746921600,0.00001370,0.00001424,0.00001258,0.00001361,36253569916453.00
1747008000,0.00001362,0.00001541,0.00001278,0.00001362,51719094301939.00
1747094400,0.00001363,0.00001510,0.00001274,0.00001444,39299132820367.00
1747180800,0.00001444,0.00001449,0.00001348,0.00001390,23284399187556.00
1747267200,0.00001390,0.00001415,0.00001267,0.00001302,27142963377370.00
1747353600,0.00001303,0.00001380,0.00001252,0.00001259,19266394121913.00
1747440000,0.00001260,0.00001276,0.00001196,0.00001216,16403000398204.00
1747526400,0.00001217,0.00001425,0.00001213,0.00001385,38625517791462.00
1747612800,0.00001385,0.00001419,0.00001249,0.00001327,29883776124192.00
1747699200,0.00001328,0.00001366,0.00001262,0.00001316,24889277164643.00
1747785600,0.00001317,0.00001462,0.00001281,0.00001365,51972219388584.00
1747872000,0.00001365,0.00001552,0.00001362,0.00001550,37296133680823.00
1747958400,0.00001550,0.00001632,0.00001356,0.00001381,53698452565118.00
1748044800,0.00001380,0.00001422,0.00001356,0.00001378,20304259894291.00
1748131200,0.00001378,0.00001399,0.00001262,0.00001361,27581959609313.00
1748217600,0.00001361,0.00001446,0.00001349,0.00001385,26730612578903.00
1748304000,0.00001385,0.00001432,0.00001335,0.00001390,22417573905263.00
1748390400,0.00001390,0.00001418,0.00001337,0.00001399,20747267354827.00
1748476800,0.00001400,0.00001512,0.00001336,0.00001343,33159118811495.00
1748563200,0.00001344,0.00001356,0.00001149,0.00001161,38505481123377.00
1748649600,0.00001161,0.00001187,0.00001095,0.00001165,26333464823687.00
1748736000,0.00001164,0.00001204,0.00001128,0.00001180,14621442150371.00
1748822400,0.00001181,0.00001243,0.00001140,0.00001235,16304159768959.00
1748908800,0.00001235,0.00001296,0.00001216,0.00001226,22455998788901.00
1748995200,0.00001226,0.00001263,0.00001175,0.00001182,13294689747233.00
1749081600,0.00001182,0.00001208,0.00001037,0.00001064,32813068696501.00
1749168000,0.00001065,0.00001152,0.00001055,0.00001105,19510403682738.00
1749254400,0.00001105,0.00001163,0.00001096,0.00001150,11904017499275.00
1749340800,0.00001151,0.00001208,0.00001129,0.00001168,12991951914194.00
1749427200,0.00001168,0.00001272,0.00001139,0.00001265,23898708299861.00
1749513600,0.00001265,0.00001362,0.00001241,0.00001312,32345939513680.00
1749600000,0.00001312,0.00001345,0.00001220,0.00001249,24383590881388.00
1749686400,0.00001248,0.00001260,0.00001136,0.00001151,21614364298006.00
1749772800,0.00001150,0.00001152,0.00001044,0.00001122,36330700936637.00
1749859200,0.00001122,0.00001131,0.00001069,0.00001095,10799555502926.00
1749945600,0.00001094,0.00001133,0.00001081,0.00001111,13258441974343.00
1750032000,0.00001111,0.00001157,0.00001054,0.00001059,23055705725602.00
1750118400,0.00001059,0.00001078,0.00000965,0.00001013,26064511809917.00
1750204800,0.00001013,0.00001041,0.00000975,0.00001035,16063975112921.00
1750291200,0.00001035,0.00001049,0.00001014,0.00001029,10678905429265.00
1750377600,0.00001030,0.00001052,0.00000946,0.00000984,16614768394908.00
1750464000,0.00000984,0.00001012,0.00000892,0.00000928,16228425825138.00
1750550400,0.00000928,0.00000948,0.00000830,0.00000887,27157211135718.00
1750636800,0.00000888,0.00001002,0.00000867,0.00000990,29080584067582.00
1750723200,0.00000990,0.00001030,0.00000976,0.00001006,17854122634311.00
1750809600,0.00001006,0.00001018,0.00000937,0.00000946,15294694903234.00
1750896000,0.00000946,0.00000974,0.00000911,0.00000916,14888995666583.00
1750982400,0.00000916,0.00000938,0.00000892,0.00000918,11336917224317.00
1751068800,0.00000917,0.00000962,0.00000913,0.00000955,6151553773664.00
1751155200,0.00000956,0.00001049,0.00000943,0.00001040,12327985325807.00
1751241600,0.00001040,0.00001043,0.00000958,0.00000975,16507636187090.00
1751328000,0.00000975,0.00000983,0.00000916,0.00000926,9686081084988.00
1751414400,0.00000926,0.00001038,0.00000918,0.00001006,16587489647911.00
1751500800,0.00001006,0.00001079,0.00000988,0.00001012,22042692636211.00
1751587200,0.00001013,0.00001027,0.00000943,0.00000965,13075122453368.00
1751673600,0.00000964,0.00000993,0.00000951,0.00000969,7473259445326.00
1751760000,0.00000969,0.00001033,0.00000956,0.00001002,12668122293853.00
1751846400,0.00001003,0.00001027,0.00000969,0.00000990,11778723077307.00
1751932800,0.00000990,0.00001029,0.00000971,0.00001019,11079981627412.00
1752019200,0.00001019,0.00001136,0.00001000,0.00001105,23312426151862.00
1752105600,0.00001105,0.00001254,0.00001089,0.00001241,29599288576742.00
1752192000,0.00001240,0.00001327,0.00001200,0.00001236,41424385054134.00
1752278400,0.00001235,0.00001256,0.00001184,0.00001224,16916697569560.00
1752364800,0.00001224,0.00001269,0.00001208,0.00001230,18432948172533.00
1752451200,0.00001231,0.00001337,0.00001202,0.00001223,28262765829312.00
1752537600,0.00001223,0.00001291,0.00001166,0.00001286,29212912749100.00
1752624000,0.00001285,0.00001411,0.00001248,0.00001354,34225785378825.00
1752710400,0.00001355,0.00001385,0.00001281,0.00001337,26988032999578.00
1752796800,0.00001337,0.00001433,0.00001266,0.00001298,33539085937877.00
1752883200,0.00001299,0.00001354,0.00001265,0.00001342,15040277756956.00
1752969600,0.00001343,0.00001460,0.00001331,0.00001402,23382053586789.00
1753056000,0.00001402,0.00001454,0.00001364,0.00001409,24605186485824.00
1753142400,0.00001409,0.00001475,0.00001347,0.00001416,27640261251106.00
1753228800,0.00001417,0.00001418,0.00001219,0.00001273,23551842076687.00
1753315200,0.00001273,0.00001305,0.00001185,0.00001239,18164190440952.00
1753401600,0.00001240,0.00001257,0.00001173,0.00001255,17245242450091.00
1753488000,0.00001256,0.00001278,0.00001234,0.00001240,7763906451268.00
1753574400,0.00001240,0.00001297,0.00001237,0.00001279,10168569314756.00
1753660800,0.00001279,0.00001315,0.00001181,0.00001190,15070547283737.00
1753747200,0.00001191,0.00001215,0.00001124,0.00001152,16268039630971.00
1753833600,0.00001153,0.00001162,0.00001070,0.00001134,13946668076448.00
1753920000,0.00001134,0.00001166,0.00001068,0.00001078,11462035979229.00
1754006400,0.00001078,0.00001083,0.00001004,0.00001039,20037144697500.00
1754092800,0.00001038,0.00001064,0.00000986,0.00001013,9475679801980.00
1754179200,0.00001013,0.00001056,0.00000999,0.00001045,6579867916885.00
1754265600,0.00001046,0.00001083,0.00001034,0.00001076,9501034904385.00
1754352000,0.00001075,0.00001080,0.00000998,0.00001020,10694125752889.00
1754438400,0.00001019,0.00001061,0.00000996,0.00001056,7772392941615.00
1754524800,0.00001056,0.00001115,0.00001046,0.00001111,10619104914837.00
1754611200,0.00001112,0.00001202,0.00001096,0.00001181,14386583658346.00
1754697600,0.00001182,0.00001266,0.00001163,0.00001240,14580045585778.00
1754784000,0.00001240,0.00001265,0.00001179,0.00001207,12210221645404.00
1754870400,0.00001207,0.00001243,0.00001112,0.00001123,14263044159324.00
1754956800,0.00001123,0.00001236,0.00001107,0.00001214,19347749395852.00
1755043200,0.00001213,0.00001250,0.00001195,0.00001225,22017242815135.00
1755129600,0.00001226,0.00001269,0.00001081,0.00001105,27209187831927.00
1755216000,0.00001105,0.00001127,0.00001052,0.00001081,12505473245358.00
1755302400,0.00001080,0.00001111,0.00001078,0.00001109,4968432738369.00
1755388800,0.00001109,0.00001155,0.00001098,0.00001112,6459155253894.00
1755475200,0.00001112,0.00001114,0.00001055,0.00001068,9392909577513.00
1755561600,0.00001068,0.00001086,0.00001016,0.00001021,8801540657651.00
1755648000,0.00001021,0.00001073,0.00001002,0.00001066,8375565096438.00
1755734400,0.00001067,0.00001076,0.00001020,0.00001041,6546883792030.00
1755820800,0.00001040,0.00001170,0.00000981,0.00001158,21274555515228.00
1755907200,0.00001158,0.00001162,0.00001097,0.00001125,10456903861189.00
1755993600,0.00001125,0.00001148,0.00001066,0.00001083,16688232739210.00
1756080000,0.00001083,0.00001108,0.00000957,0.00000976,17000911933444.00
1756166400,0.00000976,0.00001019,0.00000968,0.00001009,9622560362205.00
1756252800,0.00001008,0.00001030,0.00000995,0.00001003,9184786779744.00
1756339200,0.00001002,0.00001028,0.00000991,0.00001021,6161965907765.00
1756425600,0.00001021,0.00001026,0.00000949,0.00000977,11604672799813.00
1756512000,0.00000978,0.00001006,0.00000968,0.00000984,4415578105250.00
1756598400,0.00000983,0.00001002,0.00000963,0.00000965,4888027045793.00
1756684800,0.00000965,0.00000995,0.00000914,0.00000947,12306777571264.00
1756771200,0.00000947,0.00000982,0.00000933,0.00000979,9537295135353.00
1756857600,0.00000979,0.00001003,0.00000968,0.00000988,5305400354856.00
1756944000,0.00000988,0.00000997,0.00000937,0.00000944,5538061150431.00
1757030400,0.00000945,0.00000990,0.00000941,0.00000975,8449243346250.00
1757116800,0.00000975,0.00000981,0.00000954,0.00000963,3592169746286.00
1757203200,0.00000964,0.00000995,0.00000963,0.00000988,4529699087072.00
1757289600,0.00000989,0.00001037,0.00000981,0.00001030,8578027382421.00
1757376000,0.00001030,0.00001084,0.00001014,0.00001032,13278424094947.00
1757462400,0.00001031,0.00001068,0.00001022,0.00001053,7767707241809.00
1757548800,0.00001053,0.00001070,0.00001035,0.00001069,7108350712020.00
1757635200,0.00001069,0.00001166,0.00001039,0.00001153,17172241414769.00
1757721600,0.00001153,0.00001270,0.00001146,0.00001191,31242679869502.00
1757808000,0.00001191,0.00001197,0.00001112,0.00001154,15178990228409.00
1757894400,0.00001155,0.00001168,0.00001056,0.00001078,12405792920558.00
1757980800,0.00001078,0.00001110,0.00001060,0.00001107,8201100494842.00
1758067200,0.00001108,0.00001151,0.00001071,0.00001141,16671130155849.00
1758153600,0.00001142,0.00001166,0.00001121,0.00001145,13024006348952.00
1758240000,0.00001144,0.00001150,0.00001066,0.00001076,8763516985545.00
1758326400,0.00001075,0.00001085,0.00001054,0.00001072,6248655012490.00
1758412800,0.00001072,0.00001079,0.00001039,0.00001041,5451446907983.00
1758499200,0.00001041,0.00001048,0.00000935,0.00000966,18737303161879.00
1758585600,0.00000966,0.00000984,0.00000941,0.00000957,8327840207519.00
1758672000,0.00000956,0.00000985,0.00000932,0.00000964,6312684816539.00
1758758400,0.00000964,0.00000967,0.00000886,0.00000907,14302676089628.00
1758844800,0.00000907,0.00000947,0.00000903,0.00000937,9406093662147.00
1758931200,0.00000937,0.00000944,0.00000920,0.00000923,3388308331976.00
1759017600,0.00000924,0.00000947,0.00000903,0.00000943,3785629544008.00
1759104000,0.00000943,0.00000951,0.00000909,0.00000939,5708082913201.00
1759190400,0.00000939,0.00000943,0.00000897,0.00000931,7044300680399.00
1759276800,0.00000932,0.00000980,0.00000923,0.00000977,8642799167633.00
1759363200,0.00000978,0.00001034,0.00000975,0.00001021,10754289894367.00
1759449600,0.00001021,0.00001040,0.00000985,0.00001011,10150394691103.00
1759536000,0.00001011,0.00001023,0.00000955,0.00000976,7740463922631.00
1759622400,0.00000976,0.00001019,0.00000968,0.00000980,8623185263951.00
1759708800,0.00000980,0.00001037,0.00000967,0.00001020,10258403147006.00
1759795200,0.00001020,0.00001026,0.00000943,0.00000946,10598541880650.00
1759881600,0.00000947,0.00000975,0.00000923,0.00000956,8510480914185.00
1759968000,0.00000957,0.00000958,0.00000900,0.00000925,6784208864962.00
1760054400,0.00000926,0.00000939,0.00000279,0.00000671,43841583461154.00
1760140800,0.00000670,0.00000738,0.00000649,0.00000672,22903012863648.00
1760227200,0.00000673,0.00000773,0.00000653,0.00000749,19071216942816.00
1760313600,0.00000749,0.00000798,0.00000729,0.00000784,18286251470602.00
1760400000,0.00000784,0.00000791,0.00000706,0.00000752,21731793832344.00
1760486400,0.00000752,0.00000766,0.00000703,0.00000718,10587422254072.00
1760572800,0.00000719,0.00000732,0.00000674,0.00000688,11989299142832.00
1760659200,0.00000687,0.00000696,0.00000629,0.00000665,14537077353875.00
1760745600,0.00000665,0.00000685,0.00000663,0.00000675,4918996324687.00
1760832000,0.00000674,0.00000714,0.00000665,0.00000699,7972367491805.00
1760918400,0.00000700,0.00000732,0.00000684,0.00000715,8490971214207.00
1761004800,0.00000715,0.00000738,0.00000683,0.00000692,12063492705565.00
1761091200,0.00000691,0.00000697,0.00000644,0.00000671,10201874707237.00
1761177600,0.00000672,0.00000703,0.00000670,0.00000695,7318195535780.00
1761264000,0.00000694,0.00000725,0.00000692,0.00000718,7994824627718.00
1761350400,0.00000717,0.00000722,0.00000708,0.00000715,3633806949267.00
1761436800,0.00000716,0.00000747,0.00000702,0.00000732,7292118773198.00
1761523200,0.00000733,0.00000743,0.00000706,0.00000713,7306398663323.00
1761609600,0.00000713,0.00000733,0.00000683,0.00000699,6709797716554.00
1761696000,0.00000699,0.00000724,0.00000679,0.00000703,10969918042107.00
1761782400,0.00000703,0.00000710,0.00000626,0.00000644,11824779362292.00
1761868800,0.00000645,0.00000666,0.00000642,0.00000657,5555371422126.00
1761955200,0.00000656,0.00000674,0.00000651,0.00000669,3385202426448.00
1762041600,0.00000669,0.00000676,0.00000650,0.00000670,3419758559162.00
1762128000,0.00000671,0.00000671,0.00000550,0.00000572,18634016921426.00
1762214400,0.00000572,0.00000586,0.00000521,0.00000560,20901716446591.00
1762300800,0.00000560,0.00000582,0.00000530,0.00000576,8562552975862.00
1762387200,0.00000576,0.00000578,0.00000527,0.00000554,9468611046030.00
1762473600,0.00000554,0.00000637,0.00000551,0.00000620,14844545285607.00
1762560000,0.00000619,0.00000630,0.00000594,0.00000609,8075024831364.00
1762646400,0.00000609,0.00000618,0.00000583,0.00000606,6957360291286.00
1762732800,0.00000606,0.00000632,0.00000601,0.00000621,8300786281422.00
1762819200,0.00000622,0.00000635,0.00000582,0.00000583,6955332520072.00
1762905600,0.00000584,0.00000610,0.00000565,0.00000572,5535370653088.00
1762992000,0.00000572,0.00000599,0.00000528,0.00000542,8950535719423.00
1763078400,0.00000543,0.00000546,0.00000478,0.00000490,13744512389927.00
1763164800,0.00000490,0.00000515,0.00000489,0.00000499,5558922538996.00
1763251200,0.00000498,0.00000505,0.00000468,0.00000487,8127351421781.00
1763337600,0.00000487,0.00000506,0.00000462,0.00000471,9415923236561.00
1763424000,0.00000472,0.00000495,0.00000461,0.00000487,7855443033621.00
1763510400,0.00000487,0.00000490,0.00000445,0.00000476,9496965329019.00
1763596800,0.00000476,0.00000497,0.00000444,0.00000446,13748854846719.00
1763683200,0.00000446,0.00000456,0.00000395,0.00000413,24090480094544.00
1763769600,0.00000413,0.00000420,0.00000397,0.00000412,9470979655450.00
1763856000,0.00000412,0.00000425,0.00000409,0.00000417,7685104585657.00
1763942400,0.00000416,0.00000466,0.00000410,0.00000456,10926158387365.00
1764028800,0.00000456,0.00000465,0.00000434,0.00000457,7379255466655.00
1764115200,0.00000457,0.00000476,0.00000443,0.00000470,7923361292684.00
1764201600,0.00000469,0.00000485,0.00000462,0.00000472,5445202424769.00
1764288000,0.00000472,0.00000490,0.00000458,0.00000464,7388015529115.00
1764374400,0.00000463,0.00000466,0.00000451,0.00000457,4582825297439.00
1764460800,0.00000457,0.00000471,0.00000452,0.00000454,4644567897154.00
1764547200,0.00000454,0.00000456,0.00000395,0.00000405,13000664206605.00
1764633600,0.00000405,0.00000464,0.00000399,0.00000456,11142060659039.00
1764720000,0.00000457,0.00000487,0.00000454,0.00000481,11990900711482.00
1764806400,0.00000481,0.00000494,0.00000469,0.00000477,9413182540476.00
1764892800,0.00000476,0.00000483,0.00000431,0.00000439,8168163356997.00
1764979200,0.00000439,0.00000457,0.00000433,0.00000452,4557869397260.00
1765065600,0.00000451,0.00000461,0.00000430,0.00000442,8027259283509.00
1765152000,0.00000442,0.00000504,0.00000440,0.00000475,12600167244475.00
1765238400,0.00000476,0.00000507,0.00000455,0.00000494,11775026332738.00
1765324800,0.00000494,0.00000497,0.00000462,0.00000465,12732745686769.00
1765411200,0.00000465,0.00000470,0.00000437,0.00000460,9279261814339.00
1765497600,0.00000460,0.00000465,0.00000421,0.00000433,8677108073318.00
1765584000,0.00000433,0.00000444,0.00000432,0.00000438,3765281239588.00
1765670400,0.00000438,0.00000441,0.00000410,0.00000417,6010856881879.00
1765756800,0.00000417,0.00000438,0.00000393,0.00000407,10101607548651.00
1765843200,0.00000407,0.00000416,0.00000394,0.00000410,9275195152207.00
1765929600,0.00000410,0.00000426,0.00000384,0.00000391,9191469882428.00
1766016000,0.00000390,0.00000401,0.00000363,0.00000372,13647210256590.00
1766102400,0.00000371,0.00000418,0.00000366,0.00000411,12442390453984.00
1766188800,0.00000411,0.00000415,0.00000404,0.00000408,3957861180250.00
1766275200,0.00000407,0.00000412,0.00000394,0.00000402,5228467567495.00
1766361600,0.00000403,0.00000415,0.00000391,0.00000402,7295491376213.00
1766448000,0.00000402,0.00000406,0.00000386,0.00000394,4244046221205.00
1766534400,0.00000393,0.00000401,0.00000384,0.00000398,3615828373399.00
1766620800,0.00000397,0.00000406,0.00000387,0.00000390,3192201238679.00
1766707200,0.00000390,0.00000410,0.00000387,0.00000403,3676407984327.00
1766793600,0.00000404,0.00000422,0.00000401,0.00000419,3090608509326.00
1766880000,0.00000420,0.00000427,0.00000412,0.00000417,3259552347370.00
1766966400,0.00000418,0.00000433,0.00000405,0.00000408,4763289884004.00
1767052800,0.00000407,0.00000422,0.00000399,0.00000414,3917322385504.00
1767139200,0.00000414,0.00000417,0.00000398,0.00000403,3087179342088.00
1767225600,0.00000404,0.00000498,0.00000403,0.00000492,13670199503143.00
1767312000,0.00000493,0.00000616,0.00000481,0.00000601,45131928010899.00
1767398400,0.00000600,0.00000630,0.00000574,0.00000610,24212745558353.00
1767484800,0.00000610,0.00000726,0.00000609,0.00000718,32100871309470.00
1767571200,0.00000717,0.00000726,0.00000658,0.00000700,23489967596872.00
1767657600,0.00000701,0.00000711,0.00000635,0.00000671,19082674353934.00
1767744000,0.00000671,0.00000710,0.00000646,0.00000656,17888311008919.00
1767830400,0.00000657,0.00000670,0.00000599,0.00000608,15628167002941.00
1767916800,0.00000608,0.00000643,0.00000594,0.00000612,13453951881487.00
1768003200,0.00000611,0.00000612,0.00000587,0.00000594,5462170707122.00
1768089600,0.00000595,0.00000606,0.00000569,0.00000580,6743097040537.00
1768176000,0.00000580,0.00000605,0.00000571,0.00000574,10693504392849.00
1768262400,0.00000574,0.00000662,0.00000570,0.00000657,16346249555460.00
1768348800,0.00000657,0.00000689,0.00000616,0.00000624,22693996052387.00
1768435200,0.00000624,0.00000627,0.00000586,0.00000591,12243657001654.00
1768521600,0.00000591,0.00000601,0.00000573,0.00000593,8041778204580.00
1768608000,0.00000593,0.00000597,0.00000575,0.00000579,3790959339961.00
1768694400,0.00000580,0.00000584,0.00000545,0.00000547,6721557100796.00
1768780800,0.00000546,0.00000546,0.00000487,0.00000528,13008200221364.00
1768867200,0.00000527,0.00000529,0.00000497,0.00000499,9088814952822.00
1768953600,0.00000498,0.00000535,0.00000483,0.00000515,12790092126164.00
1769040000,0.00000515,0.00000525,0.00000485,0.00000495,7338221766441.00
1769126400,0.00000496,0.00000531,0.00000486,0.00000503,7808994594744.00
1769212800,0.00000502,0.00000513,0.00000493,0.00000501,3045031273889.00
1769299200,0.00000501,0.00000505,0.00000461,0.00000471,8603501250317.00
1769385600,0.00000471,0.00000504,0.00000470,0.00000501,6087669366945.00
1769472000,0.00000500,0.00000526,0.00000483,0.00000503,7486069944089.00
1769558400,0.00000502,0.00000511,0.00000491,0.00000498,5074263997856.00
1769644800,0.00000498,0.00000500,0.00000460,0.00000473,8331322121853.00
1769731200,0.00000473,0.00000478,0.00000450,0.00000464,11815918100081.00
1769817600,0.00000463,0.00000464,0.00000383,0.00000415,16569956152851.00
1769904000,0.00000414,0.00000433,0.00000407,0.00000415,9965643703020.00
1769990400,0.00000416,0.00000438,0.00000397,0.00000424,11418059555190.00
1770076800,0.00000424,0.00000442,0.00000400,0.00000412,12453335998039.00
1770163200,0.00000412,0.00000432,0.00000400,0.00000420,12986768507323.00
1770249600,0.00000421,0.00000422,0.00000340,0.00000343,25092001624518.00
1770336000,0.00000342,0.00000400,0.00000310,0.00000392,24775724201974.00
1770422400,0.00000391,0.00000395,0.00000373,0.00000387,14638607508805.00
1770508800,0.00000386,0.00000392,0.00000371,0.00000378,6654056603308.00
1770595200,0.00000378,0.00000386,0.00000362,0.00000381,8035589831795.00
1770681600,0.00000382,0.00000385,0.00000359,0.00000364,6548527304729.00
1770768000,0.00000364,0.00000374,0.00000346,0.00000357,8402850872145.00
1770854400,0.00000357,0.00000377,0.00000356,0.00000371,7345946402814.00
1770940800,0.00000372,0.00000385,0.00000363,0.00000378,6793974903120.00
1771027200,0.00000378,0.00000501,0.00000376,0.00000483,22456280919579.00
1771113600,0.00000483,0.00000509,0.00000434,0.00000442,22997497623626.00
1771200000,0.00000441,0.00000458,0.00000436,0.00000447,13889542085152.00
1771286400,0.00000448,0.00000452,0.00000429,0.00000439,8518130904310.00
1771372800,0.00000440,0.00000444,0.00000418,0.00000424,8107009380364.00
1771459200,0.00000423,0.00000428,0.00000412,0.00000423,5403078480082.00
1771545600,0.00000423,0.00000439,0.00000406,0.00000426,9894351728476.00
1771632000,0.00000425,0.00000442,0.00000412,0.00000416,6774578798557.00
1771718400,0.00000416,0.00000416,0.00000398,0.00000406,5152879156266.00
1771804800,0.00000406,0.00000422,0.00000385,0.00000397,11101919686806.00
1771891200,0.00000397,0.00000402,0.00000384,0.00000395,8072693241695.00
1771977600,0.00000395,0.00000445,0.00000389,0.00000414,18385925591522.00
1772064000,0.00000413,0.00000418,0.00000377,0.00000383,16703271915050.00
1772150400,0.00000383,0.00000392,0.00000359,0.00000369,10934439571310.00
1772236800,0.00000369,0.00000370,0.00000342,0.00000365,12097759069508.00
1772323200,0.00000366,0.00000379,0.00000336,0.00000345,12600287873840.00
1772409600,0.00000345,0.00000370,0.00000337,0.00000352,12833462445096.00
1772496000,0.00000352,0.00000355,0.00000334,0.00000345,11711250781677.00
1772582400,0.00000346,0.00000379,0.00000339,0.00000365,16943012229144.00
1772668800,0.00000365,0.00000366,0.00000341,0.00000347,11378096242917.00
1772755200,0.00000348,0.00000353,0.00000330,0.00000339,9956624736417.00
1772841600,0.00000339,0.00000343,0.00000320,0.00000324,5664666144563.00
1772928000,0.00000325,0.00000330,0.00000312,0.00000319,7092833585818.00
1773014400,0.00000319,0.00000339,0.00000318,0.00000327,8778581529755.00
1773100800,0.00000326,0.00000353,0.00000326,0.00000329,12604780185868.00
1773187200,0.00000329,0.00000340,0.00000324,0.00000333,7580706640504.00
1773273600,0.00000333,0.00000340,0.00000325,0.00000336,9679466721742.00
1773360000,0.00000335,0.00000368,0.00000334,0.00000338,18086276422988.00
1773446400,0.00000337,0.00000344,0.00000330,0.00000336,6288977595131.00
1773532800,0.00000336,0.00000347,0.00000331,0.00000345,7288656892609.00
1773619200,0.00000346,0.00000414,0.00000345,0.00000401,31383726169536.00
1773705600,0.00000400,0.00000403,0.00000362,0.00000366,17744208683019.00
1773792000,0.00000366,0.00000380,0.00000343,0.00000352,14285201490706.00
1773878400,0.00000353,0.00000357,0.00000333,0.00000342,9431080779551.00
1773964800,0.00000342,0.00000349,0.00000336,0.00000341,6407215135838.00
1774051200,0.00000341,0.00000346,0.00000328,0.00000332,5192034562914.00
1774137600,0.00000332,0.00000338,0.00000322,0.00000328,7810599616239.00
1774224000,0.00000327,0.00000358,0.00000324,0.00000346,13409329410482.00
1774310400,0.00000345,0.00000354,0.00000337,0.00000353,8024759796747.00
1774396800,0.00000353,0.00000362,0.00000349,0.00000355,9193095841507.00
1774483200,0.00000355,0.00000355,0.00000336,0.00000341,6604847376176.00
1774569600,0.00000341,0.00000344,0.00000325,0.00000328,7948251811288.00
1774656000,0.00000328,0.00000341,0.00000325,0.00000329,5339336381045.00
1774742400,0.00000328,0.00000333,0.00000317,0.00000328,5542602405865.00
1774828800,0.00000327,0.00000342,0.00000327,0.00000332,6929428469898.00
1774915200,0.00000332,0.00000344,0.00000327,0.00000341,8021589999565.00
1775001600,0.00000341,0.00000353,0.00000336,0.00000340,8014163869351.00
1775088000,0.00000341,0.00000345,0.00000326,0.00000334,7755951660845.00
1775174400,0.00000334,0.00000352,0.00000331,0.00000342,8175261505689.00
1775260800,0.00000342,0.00000346,0.00000334,0.00000340,4430133310842.00
1775347200,0.00000340,0.00000350,0.00000329,0.00000349,6344787571217.00
1775433600,0.00000349,0.00000364,0.00000330,0.00000332,13906013446583.00
1775520000,0.00000332,0.00000378,0.00000331,0.00000371,14467987596651.00
1775606400,0.00000371,0.00000378,0.00000352,0.00000354,11674222024675.00
1775692800,0.00000355,0.00000368,0.00000343,0.00000351,9601764526757.00
1775779200,0.00000352,0.00000370,0.00000346,0.00000363,9358669276094.00
1775865600,0.00000362,0.00000385,0.00000353,0.00000364,8472752593541.00
1775952000,0.00000363,0.00000366,0.00000344,0.00000347,8098238752807.00
1776038400,0.00000347,0.00000377,0.00000345,0.00000375,10403854098080.00
1776124800,0.00000375,0.00000380,0.00000355,0.00000356,14298700205158.00
1776211200,0.00000357,0.00000380,0.00000352,0.00000372,11215304547471.00
1776297600,0.00000373,0.00000406,0.00000369,0.00000398,28973575704857.00
1776384000,0.00000398,0.00000412,0.00000382,0.00000395,20493702230797.00
1776470400,0.00000396,0.00000399,0.00000375,0.00000377,10503014646818.00
1776556800,0.00000378,0.00000385,0.00000362,0.00000365,10437635540822.00
1776643200,0.00000366,0.00000385,0.00000364,0.00000376,8307810221879.00
1776729600,0.00000376,0.00000384,0.00000370,0.00000381,8935721140876.00
1776816000,0.00000382,0.00000399,0.00000378,0.00000379,11484877720452.00
1776902400,0.00000380,0.00000385,0.00000370,0.00000382,9685101326279.00
1776988800,0.00000383,0.00000393,0.00000379,0.00000387,8037668998119.00
1777075200,0.00000387,0.00000390,0.00000378,0.00000385,4775395887657.00
1777161600,0.00000385,0.00000395,0.00000381,0.00000390,7084807837111.00
1777248000,0.00000390,0.00000403,0.00000376,0.00000391,11227756759468.00
1777334400,0.00000391,0.00000391,0.00000381,0.00000388,7203120818601.00
1777420800,0.00000387,0.00000417,0.00000374,0.00000385,19411017139623.00
1777507200,0.00000386,0.00000395,0.00000380,0.00000388,9407855798492.00
1777593600,0.00000388,0.00000403,0.00000387,0.00000394,8314878812841.00
1777680000,0.00000394,0.00000401,0.00000389,0.00000399,4588662636718.00
1777766400,0.00000399,0.00000400,0.00000391,0.00000394,5265246843298.00
1777852800,0.00000394,0.00000413,0.00000390,0.00000399,14337601184316.00
1777939200,0.00000399,0.00000423,0.00000398,0.00000411,13956747293300.00
1778025600,0.00000411,0.00000428,0.00000408,0.00000416,13381342828840.00
1778112000,0.00000416,0.00000428,0.00000407,0.00000415,10473727582698.00
1778198400,0.00000416,0.00000437,0.00000408,0.00000432,10918809391786.00
1778284800,0.00000432,0.00000437,0.00000423,0.00000425,5604563071912.00
1778371200,0.00000425,0.00000459,0.00000419,0.00000441,14232005739932.00
1778457600,0.00000442,0.00000443,0.00000426,0.00000435,10494980121428.00
1778544000,0.00000435,0.00000436,0.00000406,0.00000414,9024610084538.00
1778630400,0.00000415,0.00000427,0.00000398,0.00000405,7054938310248.00
1778716800,0.00000406,0.00000422,0.00000399,0.00000410,8846472425251.00
1778803200,0.00000410,0.00000413,0.00000382,0.00000391,9074084426136.00
1778889600,0.00000390,0.00000392,0.00000369,0.00000376,5050561128057.00
1778976000,0.00000377,0.00000381,0.00000354,0.00000368,6403751788790.00
1779062400,0.00000367,0.00000372,0.00000359,0.00000370,6689946270507.00
1779148800,0.00000370,0.00000374,0.00000362,0.00000365,3381230279675.00
1779235200,0.00000365,0.00000376,0.00000362,0.00000372,3639880031400.00
1779321600,0.00000372,0.00000384,0.00000370,0.00000381,4792649298105.00
1779408000,0.00000381,0.00000383,0.00000357,0.00000361,5007720854479.00
1779494400,0.00000360,0.00000376,0.00000344,0.00000365,7346128337186.00
1779580800,0.00000365,0.00000366,0.00000351,0.00000358,3448488884382.00
1779667200,0.00000358,0.00000366,0.00000354,0.00000360,3161566123042.00
1779753600,0.00000360,0.00000365,0.00000349,0.00000352,5668537011280.00
1779840000,0.00000352,0.00000360,0.00000341,0.00000348,6574059165535.00
1779926400,0.00000348,0.00000349,0.00000328,0.00000339,6426984446405.00
1780012800,0.00000339,0.00000346,0.00000331,0.00000339,4361423044048.00
1780099200,0.00000339,0.00000346,0.00000337,0.00000341,2635030819392.00
1780185600,0.00000341,0.00000348,0.00000334,0.00000343,4052741829625.00
1780272000,0.00000343,0.00000345,0.00000331,0.00000342,6048977321844.00
1780358400,0.00000342,0.00000342,0.00000304,0.00000312,9020249900648.00
1780444800,0.00000312,0.00000325,0.00000304,0.00000312,7235478520673.00
1780531200,0.00000313,0.00000315,0.00000285,0.00000296,11453051700299.00
1780617600,0.00000295,0.00000297,0.00000260,0.00000270,15358229319400.00
1780704000,0.00000270,0.00000275,0.00000251,0.00000269,10960661711875.00
1780790400,0.00000268,0.00000289,0.00000267,0.00000281,9470368561633.00
1780876800,0.00000282,0.00000287,0.00000274,0.00000281,6648628355502.00
1780963200,0.00000281,0.00000285,0.00000269,0.00000277,7163838164478.00
1781049600,0.00000277,0.00000281,0.00000264,0.00000270,7553304159488.00
1781136000,0.00000270,0.00000284,0.00000269,0.00000279,7240001822540.00
1781222400,0.00000279,0.00000288,0.00000275,0.00000281,9826399019729.00
1781308800,0.00000281,0.00000289,0.00000278,0.00000286,6831521163061.00
1781395200,0.00000285,0.00000293,0.00000276,0.00000292,6284458256798.00
1781481600,0.00000292,0.00000314,0.00000287,0.00000294,7645075145743.00
1781568000,0.00000294,0.00000302,0.00000289,0.00000295,5455389103149.00
1781654400,0.00000295,0.00000304,0.00000288,0.00000295,6459679126945.00
1781740800,0.00000295,0.00000297,0.00000277,0.00000284,4924666637084.00
1781827200,0.00000285,0.00000287,0.00000277,0.00000282,2858531537062.00
1781913600,0.00000283,0.00000287,0.00000279,0.00000283,2878445013814.00
1782000000,0.00000284,0.00000286,0.00000278,0.00000278,2721134710134.00
1782086400,0.00000279,0.00000292,0.00000279,0.00000281,4772219771231.00
1782172800,0.00000281,0.00000283,0.00000266,0.00000270,5011379050415.00
1782259200,0.00000269,0.00000272,0.00000242,0.00000253,8843837345372.00
1782345600,0.00000254,0.00000257,0.00000230,0.00000236,10397882773300.00
1782432000,0.00000236,0.00000242,0.00000227,0.00000239,7532947035137.00
1782518400,0.00000239,0.00000246,0.00000235,0.00000238,3845421594341.00
1782604800,0.00000238,0.00000242,0.00000231,0.00000236,4014761130826.00
1782691200,0.00000235,0.00000242,0.00000231,0.00000236,6287628338395.00
1782777600,0.00000235,0.00000237,0.00000229,0.00000233,5019364201394.00
1782864000,0.00000232,0.00000240,0.00000223,0.00000233,7874974351880.00
1782950400,0.00000233,0.00000250,0.00000230,0.00000245,7322897521664.00
1783036800,0.00000245,0.00000284,0.00000243,0.00000278,8267088832625.00
1783123200,0.00000277,0.00000287,0.00000267,0.00000273,9390301798436.00
1783209600,0.00000274,0.00000281,0.00000263,0.00000275,4881566864619.00
1783296000,0.00000275,0.00000280,0.00000261,0.00000273,7836373922238.00
1783382400,0.00000273,0.00000276,0.00000264,0.00000266,6240235642807.00
1783468800,0.00000267,0.00000269,0.00000255,0.00000261,5426803541451.00
1783555200,0.00000260,0.00000265,0.00000256,0.00000261,3542594239642.00
1783641600,0.00000261,0.00000288,0.00000259,0.00000279,9108118073765.00
1783728000,0.00000279,0.00000284,0.00000270,0.00000271,3942663365243.00
1783814400,0.00000271,0.00000283,0.00000267,0.00000277,3763575093705.00
1783900800,0.00000277,0.00000282,0.00000264,0.00000273,5692874951437.00
1783987200,0.00000273,0.00000291,0.00000270,0.00000281,6304593067763.00
1784073600,0.00000281,0.00000295,0.00000275,0.00000279,8675743485540.00
1784160000,0.00000279,0.00000281,0.00000269,0.00000272,5108542719173.00
1784246400,0.00000273,0.00000278,0.00000266,0.00000274,5891726295710.00
1784332800,0.00000275,0.00000278,0.00000270,0.00000275,2919804863289.00
1784419200,0.00000275,0.00000288,0.00000274,0.00000284,6055481723953.00
1784505600,0.00000284,0.00000295,0.00000279,0.00000292,10589643248308.00
1784592000,0.00000292,0.00000298,0.00000285,0.00000288,5601907807934.00
1784678400,0.00000287,0.00000293,0.00000282,0.00000289,4721729818224.00
1784764800,0.00000289,0.00000291,0.00000276,0.00000279,3743249725251.00
1784851200,0.00000279,0.00000282,0.00000268,0.00000272,3573862861842.00
1784937600,0.00000271,0.00000282,0.00000265,0.00000274,3926364298836.00
1785024000,0.00000275,0.00000305,0.00000273,0.00000298,12315888177908.00
1785110400,0.00000298,0.00000310,0.00000281,0.00000283,8882382805344.00
1785196800,0.00000283,0.00000285,0.00000276,0.00000280,5082064788545.00
1785283200,0.00000281,0.00000283,0.00000266,0.00000272,5506507038541.00
1785369600,0.00000273,0.00000280,0.00000270,0.00000276,3962381267422.00
1785456000,0.00000277,0.00000283,0.00000271,0.00000275,4323022963545.00
1785542400,0.00000276,0.00000282,0.00000272,0.00000277,3551622901347.00
1785628800,0.00000278,0.00000297,0.00000277,0.00000291,5600795000085.00
1785715200,0.00000290,0.00000296,0.00000282,0.00000291,4149135167968.00
1785801600,0.00000290,0.00000299,0.00000286,0.00000288,3018508697127.00
1785888000,0.00000288,0.00000290,0.00000283,0.00000288,3984453170479.00
1785974400,0.00000287,0.00000290,0.00000277,0.00000281,2891732310952.00
1786060800,0.00000280,0.00000288,0.00000278,0.00000281,2765850933156.00
1786147200,0.00000282,0.00000290,0.00000280,0.00000285,2178191032007.00
1786233600,0.00000286,0.00000296,0.00000284,0.00000288,3194607030677.00
1786320000,0.00000288,0.00000294,0.00000284,0.00000287,3452409929317.00
1786406400,0.00000287,0.00000290,0.00000277,0.00000284,3328190354221.00
1786492800,0.00000284,0.00000287,0.00000262,0.00000268,3920190525648.00
1786579200,0.00000268,0.00000274,0.00000263,0.00000269,2983132765968.00
1786665600,0.00000269,0.00000272,0.00000261,0.00000267,2127564580899.00
1786752000,0.00000267,0.00000268,0.00000261,0.00000262,1226313469240.00
1786838400,0.00000263,0.00000263,0.00000253,0.00000257,1989890537296.00
1786924800,0.00000258,0.00000263,0.00000255,0.00000259,3205350464207.00
1787011200,0.00000259,0.00000262,0.00000253,0.00000258,2408683779850.00
1787097600,0.00000259,0.00000293,0.00000256,0.00000287,9711211245596.00
1787184000,0.00000288,0.00000327,0.00000287,0.00000321,20022183741750.00
1787270400,0.00000321,0.00000423,0.00000317,0.00000412,28947773530632.00
1787356800,0.00000412,0.00000456,0.00000363,0.00000406,32379225394653.00
1787443200,0.00000407,0.00000427,0.00000383,0.00000410,16298098294485.00
1787529600,0.00000410,0.00000422,0.00000394,0.00000405,14527230121034.00
1787616000,0.00000404,0.00000431,0.00000375,0.00000382,17280303617104.00
1787702400,0.00000382,0.00000388,0.00000365,0.00000385,8059930686943.00
1787788800,0.00000386,0.00000402,0.00000376,0.00000390,11242109323867.00
1787875200,0.00000390,0.00000397,0.00000361,0.00000370,9500265351441.00
1787961600,0.00000370,0.00000371,0.00000359,0.00000365,3350795907562.00
1788048000,0.00000366,0.00000382,0.00000336,0.00000340,7309254861801.00
1788134400,0.00000341,0.00000363,0.00000339,0.00000355,7588815542350.00
